0	0
0.001	15.817
0.001	36.491
0.002	60.289
0.003	85.762
0.004	113.653
0.005	142.259
0.005	170.245
0.006	197.387
0.007	221.026
0.007	242.938
0.008	264.961
0.009	286.254
0.009	306.567
0.01	326.077
0.01	343.902
0.011	360.76
0.011	377.332
0.012	394.558
0.012	413.264
0.013	433.111
0.013	453.609
0.014	474.836
0.015	496.18
0.015	518.434
0.016	539.703
0.016	559.548
0.017	578.443
0.018	596.334
0.018	613.721
0.019	631.896
0.019	649.699
0.02	666.703
0.02	682.632
0.021	696.902
0.021	710.837
0.022	725.028
0.022	740.211
0.023	756.353
0.023	773.697
0.024	791.305
0.024	809.449
0.025	828.151
0.026	847.098
0.026	865.637
0.027	882.618
0.027	898.291
0.028	913.145
0.028	927.201
0.029	940.751
0.029	954.345
0.03	968.346
0.03	981.385
0.031	992.803
0.031	1003.794
0.032	1014.507
0.032	1026.06
0.033	1039.535
0.033	1053.845
0.034	1069.002
0.035	1084.981
0.035	1101.837
0.036	1119.97
0.036	1138.06
0.037	1154.975
0.038	1170.933
0.038	1185.515
0.039	1199.297
0.039	1212.58
0.04	1226.032
0.04	1239.758
0.041	1253.147
0.041	1265.372
0.042	1276.786
0.042	1287.943
0.043	1299.577
0.043	1312.348
0.044	1326.213
0.044	1340.527
0.045	1355.525
0.046	1371.089
0.046	1388.305
0.047	1405.651
0.047	1422.044
0.048	1436.476
0.049	1450.222
0.049	1464.216
0.05	1477.434
0.05	1490.783
0.051	1503.883
0.051	1516.101
0.052	1527.518
0.052	1538.288
0.052	1548.378
0.053	1558.815
0.053	1570.605
0.054	1582.99
0.054	1596.401
0.055	1610.461
0.056	1625.599
0.056	1641.431
0.057	1657.266
0.058	1672.948
0.058	1688.314
0.059	1702.833
0.059	1716.095
0.06	1729.118
0.06	1741.816
0.061	1755.405
0.061	1768.61
0.062	1780.486
0.062	1791.46
0.063	1802.153
0.063	1812.995
0.064	1823.372
0.064	1835.834
0.065	1848.909
0.065	1862.271
0.066	1876.64
0.067	1892.174
0.067	1908.23
0.068	1924.253
0.069	1939.189
0.069	1952.411
0.07	1964.954
0.07	1977.352
0.071	1989.234
0.071	2001.397
0.072	2014.021
0.072	2025.866
0.073	2036.809
0.073	2047.061
0.074	2057.458
0.074	2068.383
0.075	2079.96
0.075	2092.56
0.076	2104.89
0.076	2117.832
0.077	2132.421
0.078	2148.136
0.078	2163.872
0.079	2178.686
0.079	2192.358
0.08	2204.266
0.08	2216.675
0.081	2228.907
0.081	2240.801
0.082	2252.859
0.082	2264.981
0.083	2276.503
0.083	2287.566
0.084	2298.553
0.084	2309.081
0.085	2319.898
0.085	2331.999
0.086	2345.331
0.087	2358.638
0.087	2373.039
0.088	2388.253
0.089	2404.009
0.089	2419.372
0.09	2433.825
0.09	2447.122
0.091	2459.482
0.091	2472.01
0.092	2484.467
0.092	2496.487
0.093	2507.96
0.093	2518.904
0.094	2528.731
0.094	2538.116
0.095	2547.981
0.095	2559.112
0.096	2570.79
0.096	2583.56
0.097	2597.374
0.098	2611.455
0.098	2626.344
0.099	2641.927
0.099	2657.075
0.1	2670.788
0.1	2682.747
0.101	2694.079
0.101	2705.798
0.102	2717.755
0.102	2729.63
0.103	2741.293
0.104	2752.883
0.104	2763.288
0.104	2773.021
0.105	2782.632
0.105	2793.134
0.106	2804.056
0.106	2815.93
0.107	2828.769
0.108	2842.382
0.108	2857.419
0.109	2873.706
0.11	2889.914
0.11	2905.499
0.111	2919.253
0.111	2931.718
0.112	2943.69
0.112	2955.561
0.113	2967.355
0.113	2979.234
0.114	2991.248
0.114	3002.079
0.115	3011.957
0.115	3021.626
0.116	3031.845
0.116	3042.287
0.117	3053.778
0.117	3067.083
0.118	3080.799
0.119	3095.103
0.119	3110.026
0.12	3125.806
0.121	3141.182
0.121	3154.638
0.122	3166.405
0.122	3177.955
0.123	3189.397
0.123	3201.11
0.124	3212.709
0.124	3223.764
0.125	3233.952
0.125	3243.476
0.126	3252.694
0.126	3262.133
0.127	3272.077
0.127	3283.025
0.128	3295.564
0.128	3308.844
0.129	3322.365
0.129	3337.115
0.13	3352.503
0.131	3368.129
0.131	3382.339
0.132	3395.398
0.132	3408.042
0.133	3420.083
0.133	3432.093
0.134	3443.713
0.135	3455.187
0.135	3466.579
0.135	3477.218
0.136	3485.943
0.136	3495.176
0.137	3505.461
0.137	3516.513
0.138	3528.675
0.139	3541.503
0.139	3554.821
0.14	3569.093
0.14	3584.06
0.141	3599.071
0.142	3612.613
0.142	3624.7
0.143	3635.873
0.143	3647.278
0.144	3658.675
0.144	3670.593
0.145	3682.288
0.145	3693.224
0.146	3703.423
0.146	3712.908
0.147	3722.339
0.147	3731.754
0.148	3741.654
0.148	3752.573
0.149	3764.555
0.149	3777.162
0.15	3790.226
0.151	3804.604
0.151	3819.03
0.152	3832.88
0.152	3845.195
0.153	3856.849
0.153	3867.64
0.154	3878.793
0.154	3890.094
0.155	3901.857
0.156	3913.746
0.156	3924.471
0.157	3934.695
0.157	3944.242
0.158	3954.135
0.158	3964.499
0.159	3975.587
0.159	3988.244
0.16	4001.378
0.16	4014.392
0.161	4028.556
0.162	4043.311
0.162	4057.779
0.163	4070.526
0.163	4082.221
0.164	4093.637
0.164	4104.299
0.165	4114.502
0.165	4125.001
0.166	4136.126
0.166	4146.777
0.167	4155.84
0.167	4164.806
0.168	4174.169
0.168	4183.76
0.169	4194.246
0.169	4206.016
0.17	4218.504
0.171	4231.357
0.171	4245.257
0.172	4259.427
0.172	4273.179
0.173	4285.967
0.174	4297.399
0.174	4307.948
0.175	4318.27
0.175	4328.647
0.176	4339.048
0.176	4349.508
0.177	4359.808
0.177	4369.414
0.178	4378.404
0.178	4387.673
0.179	4397.619
0.179	4408.267
0.18	4419.433
0.18	4432.028
0.181	4445.094
0.181	4458.555
0.182	4473.551
0.183	4488.627
0.183	4502.576
0.184	4514.875
0.184	4525.989
0.185	4537.129
0.185	4547.139
0.186	4557.499
0.187	4568.28
0.187	4578.805
0.188	4588.285
0.188	4597.041
0.188	4605.437
0.189	4614.505
0.189	4624.04
0.19	4635.076
0.191	4646.68
0.191	4659.023
0.192	4672.858
0.192	4687.213
0.193	4701.614
0.194	4714.717
0.194	4726.808
0.195	4737.784
0.195	4747.845
0.196	4757.652
0.196	4767.592
0.197	4777.839
0.197	4787.731
0.198	4797.084
0.198	4805.988
0.199	4814.151
0.199	4822.98
0.2	4831.774
0.2	4842.024
0.201	4853.791
0.201	4866.667
0.202	4879.981
0.203	4893.71
0.203	4908.339
0.204	4922.646
0.204	4935.527
0.205	4947.699
0.206	4958.987
0.206	4969.466
0.207	4979.971
0.207	4990.917
0.208	5001.061
0.208	5010.869
0.209	5019.669
0.209	5028.1
0.21	5035.666
0.21	5044.607
0.211	5055.245
0.211	5066.351
0.212	5078.668
0.212	5091.434
0.213	5105
0.214	5119.199
0.214	5133.072
0.215	5145.683
0.215	5156.511
0.216	5166.824
0.216	5176.516
0.217	5186.787
0.217	5196.888
0.218	5207.321
0.218	5216.745
0.219	5225.201
0.219	5232.658
0.22	5240.209
0.22	5248.798
0.221	5258.252
0.221	5268.449
0.222	5279.406
0.222	5291.537
0.223	5304.393
0.224	5317.895
0.224	5331.577
0.225	5344.915
0.225	5356.593
0.226	5367.592
0.227	5378.265
0.227	5388.86
0.228	5399.934
0.228	5410.767
0.229	5420.417
0.229	5429.706
0.23	5437.996
0.23	5445.304
0.231	5453.374
0.231	5462.737
0.232	5472.845
0.232	5484.205
0.233	5496.312
0.233	5509.2
0.234	5522.133
0.235	5535.941
0.235	5549.317
0.236	5560.571
0.236	5570.655
0.237	5579.982
0.238	5590.01
0.238	5600.354
0.239	5610.408
0.239	5620.384
0.24	5629.073
0.24	5636.93
0.24	5644.581
0.241	5652.338
0.241	5660.6
0.242	5670.615
0.243	5681.694
0.243	5692.587
0.244	5704.195
0.244	5716.969
0.245	5730.272
0.246	5742.515
0.246	5753.835
0.247	5763.953
0.247	5773.662
0.248	5783.525
0.248	5793.088
0.249	5802.465
0.249	5812.457
0.25	5821.735
0.25	5831.038
0.251	5839.461
0.251	5846.874
0.252	5854.869
0.252	5864.394
0.253	5874.871
0.253	5886.078
0.254	5897.66
0.255	5909.771
0.255	5923.192
0.256	5936.857
0.256	5949.154
0.257	5959.684
0.258	5969.06
0.258	5977.967
0.259	5987.565
0.259	5996.925
0.26	6006.122
0.26	6015.099
0.261	6023.017
0.261	6030.648
0.262	6037.729
0.262	6045.345
0.263	6053.93
0.263	6063.824
0.264	6074.156
0.264	6084.916
0.265	6096.854
0.266	6109.52
0.266	6122.537
0.267	6134.699
0.267	6144.723
0.268	6153.921
0.268	6162.854
0.269	6171.878
0.269	6180.855
0.27	6190.071
0.27	6198.546
0.271	6205.978
0.271	6213.14
0.272	6219.668
0.272	6226.637
0.273	6234.929
0.273	6244.002
0.274	6254.288
0.275	6265.119
0.275	6276.506
0.276	6289.111
0.276	6302.393
0.277	6314.498
0.278	6325.716
0.278	6335.472
0.279	6343.954
0.279	6352.032
0.28	6360.42
0.28	6369.023
0.281	6378.268
0.281	6386.178
0.282	6393.426
0.282	6400.134
0.283	6406.494
0.283	6413.929
0.284	6421.488
0.284	6430.831
0.285	6440.699
0.285	6451.711
0.286	6463.22
0.287	6475.199
0.287	6486.838
0.288	6497.346
0.288	6505.92
0.289	6514.334
0.29	6522.35
0.29	6529.628
0.291	6537.488
0.291	6545.363
0.292	6552.786
0.292	6559.478
0.292	6565.771
0.293	6572.242
0.293	6578.758
0.294	6586.719
0.294	6595.048
0.295	6603.899
0.296	6613.694
0.296	6623.855
0.297	6634.502
0.298	6645.527
0.298	6655.691
0.299	6664.958
0.299	6672.583
0.3	6679.933
0.3	6688.178
0.301	6695.791
0.301	6702.25
0.302	6708.797
0.302	6714.778
0.303	6720.762
0.303	6726.083
0.304	6732.244
0.304	6738.692
0.305	6746.281
0.305	6754.514
0.306	6762.557
0.307	6771.385
0.307	6781.636
0.308	6791.585
0.308	6800.45
0.309	6807.964
0.31	6814.298
0.31	6820.452
0.311	6826.874
0.311	6832.954
0.312	6839.26
0.312	6845.177
0.313	6850.286
0.313	6854.737
0.314	6859.4
0.314	6863.994
0.315	6869.227
0.315	6876.008
0.316	6883.076
0.316	6890.575
0.317	6898.512
0.317	6907.54
0.318	6915.841
0.319	6923.182
0.319	6930.249
0.32	6935.028
0.32	6939.94
0.321	6944.719
0.321	6950.224
0.322	6956.018
0.322	6961.302
0.323	6965.938
0.323	6969.496
0.324	6973.357
0.324	6976.925
0.325	6981.708
0.325	6986.211
0.326	6991.261
0.327	6997.102
0.327	7003.962
0.328	7011.393
0.328	7018.038
0.329	7023.912
0.33	7028.993
0.33	7032.297
0.331	7034.584
0.331	7037.685
0.332	7041.167
0.332	7044.974
0.333	7048.923
0.333	7052.753
0.334	7055.828
0.334	7057.148
0.335	7059.366
0.335	7063.123
0.336	7067.576
0.336	7071.956
0.337	7076.32
0.337	7081.877
0.338	7087.447
0.339	7092.861
0.339	7097.366
0.34	7100.854
0.34	7103.637
0.341	7105.007
0.341	7107.153
0.342	7109.13
0.342	7111.374
0.343	7114.305
0.344	7117.665
0.344	7120.102
0.344	7121.061
0.345	7122.683
0.345	7125.025
0.346	7128.811
0.346	7131.96
0.347	7136.675
0.348	7140.903
0.348	7145.268
0.349	7151.11
0.35	7155.068
0.35	7157.759
0.351	7159.286
0.351	7160.087
0.352	7160.846
0.352	7161.767
0.353	7163.439
0.353	7165.553
0.354	7167.381
0.354	7168.86
0.355	7169.962
0.355	7171.633
0.356	7172.397
0.356	7174.053
0.357	7177.666
0.357	7181.185
0.358	7184.659
0.359	7188.543
0.359	7193.159
0.36	7196.725
0.36	7199.104
0.361	7200.402
0.362	7200.953
0.362	7201.287
0.363	7202.085
0.363	7203.454
0.364	7204.841
0.364	7206.044
0.365	7207.266
0.365	7207.833
0.366	7207.804
0.366	7209.371
0.367	7211.347
0.367	7213.971
0.368	7217.419
0.368	7220.461
0.369	7224.286
0.369	7228.027
0.37	7231.458
0.371	7234.428
0.371	7235.937
0.372	7236.094
0.372	7235.938
0.373	7236.778
0.373	7237.192
0.374	7237.63
0.374	7238.736
0.375	7239.995
0.375	7240.556
0.376	7240.542
0.376	7240.376
0.377	7241.329
0.377	7243.434
0.378	7246.394
0.379	7250.034
0.379	7253.205
0.38	7255.582
0.38	7259.082
0.381	7261.757
0.382	7263.601
0.382	7263.9
0.383	7263.318
0.383	7263.733
0.384	7263.944
0.384	7264.532
0.385	7265.21
0.385	7265.858
0.386	7266.253
0.386	7265.789
0.387	7265.958
0.387	7266.549
0.388	7268.755
0.388	7271.059
0.389	7273.344
0.389	7276.569
0.39	7279.687
0.391	7282.851
0.391	7285.438
0.392	7287.084
0.392	7288.301
0.393	7287.493
0.393	7287.054
0.394	7286.9
0.395	7288.063
0.395	7289.101
0.396	7289.613
0.396	7290.475
0.397	7290.423
0.397	7290.352
0.397	7290.955
0.398	7292.061
0.399	7294.753
0.399	7296.956
0.4	7299.625
0.4	7302.074
0.401	7304.853
0.402	7307.808
0.402	7309.859
0.403	7310.61
0.403	7310.206
0.404	7309.568
0.404	7309.468
0.405	7309.132
0.405	7310.019
0.406	7311.429
0.406	7311.306
0.407	7310.705
0.407	7310.652
0.408	7310.993
0.408	7311.999
0.409	7314.035
0.409	7316.18
0.41	7318.456
0.411	7321.386
0.411	7324.46
0.412	7327.693
0.412	7329.66
0.413	7330.493
0.414	7329.803
0.414	7328.959
0.415	7328.525
0.415	7328.243
0.416	7328.432
0.416	7328.867
0.417	7329.83
0.417	7330.882
0.418	7331.081
0.418	7330.38
0.419	7330.171
0.419	7331.583
0.42	7334.511
0.42	7337.789
0.421	7340.753
0.421	7343.998
0.422	7346.569
0.423	7348.599
0.423	7349.909
0.424	7349.61
0.424	7348.466
0.425	7347.922
0.425	7347.601
0.426	7347.915
0.426	7348.009
0.427	7348.148
0.427	7348.317
0.428	7347.996
0.428	7347.209
0.429	7347.027
0.429	7348.947
0.43	7351.657
0.431	7354.373
0.431	7357.11
0.432	7359.857
0.432	7362.71
0.433	7365.213
0.434	7366.586
0.434	7367.113
0.435	7366.27
0.435	7365.572
0.436	7364.436
0.436	7363.485
0.437	7363.442
0.437	7364.089
0.438	7364.456
0.438	7363.922
0.439	7362.049
0.439	7361.63
0.44	7363.562
0.44	7365.968
0.441	7368.025
0.441	7370.51
0.442	7374.093
0.443	7377.451
0.443	7380.565
0.444	7382.068
0.444	7382.78
0.445	7382.269
0.446	7381.607
0.446	7381.227
0.447	7380.498
0.447	7380.291
0.448	7380.79
0.448	7381.002
0.449	7380.283
0.449	7380.268
0.449	7379.643
0.45	7379.776
0.45	7380.628
0.451	7382.848
0.452	7386.23
0.452	7388.459
0.453	7391.654
0.454	7394.184
0.454	7396.694
0.455	7397.9
0.455	7397.276
0.456	7396.149
0.456	7395.372
0.457	7395.987
0.457	7395.833
0.458	7396.195
0.458	7396.685
0.459	7396.263
0.459	7395.348
0.46	7393.806
0.46	7394.281
0.461	7394.771
0.461	7396.449
0.462	7399.729
0.462	7402.388
0.463	7405.109
0.464	7407.772
0.464	7409.952
0.465	7411.385
0.466	7411.395
0.466	7411.18
0.467	7410.632
0.467	7409.874
0.468	7410.208
0.468	7410.859
0.469	7411.015
0.469	7411.044
0.47	7409.761
0.47	7408.663
0.471	7407.623
0.471	7408.371
0.472	7410.569
0.472	7412.907
0.473	7415.658
0.473	7418.582
0.474	7421.673
0.475	7423.213
0.475	7424.643
0.476	7425.14
0.476	7424.729
0.477	7423.937
0.477	7423.397
0.478	7422.804
0.478	7423.38
0.479	7423.331
0.479	7423.778
0.48	7423.601
0.48	7422.901
0.481	7422.357
0.481	7421.431
0.482	7423.162
0.482	7425.619
0.483	7428.21
0.484	7430.189
0.484	7433.015
0.485	7435.873
0.486	7438.427
0.486	7439.101
0.487	7438.926
0.487	7438.375
0.488	7437.293
0.488	7436.866
0.489	7436.733
0.489	7437.253
0.49	7436.98
0.49	7436.529
0.491	7435.097
0.491	7434.617
0.492	7435.26
0.492	7436.52
0.493	7438.765
0.493	7440.726
0.494	7442.786
0.495	7445.019
0.495	7448.029
0.496	7450.284
0.496	7451.825
0.497	7451.576
0.498	7450.847
0.498	7450.165
0.499	7448.756
0.499	7448.425
0.5	7447.895
0.5	7447.981
0.501	7447.967
0.501	7447.352
0.502	7446.699
0.502	7447.22
0.503	7447.709
0.503	7448.958
0.504	7451.406
0.504	7453.575
0.505	7456.32
0.505	7458.964
0.506	7460.823
0.507	7462.52
0.507	7463.593
0.508	7463.199
0.508	7461.551
0.509	7460.381
0.509	7460.397
0.51	7460.611
0.51	7460.364
0.511	7460.195
0.511	7459.497
0.512	7458.68
0.512	7458.898
0.513	7459.237
0.513	7460.197
0.514	7462.448
0.515	7464.779
0.515	7467.258
0.516	7470.174
0.516	7472.896
0.517	7474.692
0.518	7474.6
0.518	7473.982
0.519	7472.823
0.519	7472.442
0.52	7472.374
0.52	7472.515
0.521	7471.992
0.521	7471.241
0.522	7470.617
0.522	7469.799
0.523	7468.928
0.523	7468.593
0.524	7470.472
0.524	7472.822
0.525	7474.687
0.525	7476.837
0.526	7479.887
0.527	7482.405
0.527	7483.996
0.528	7485.353
0.528	7486.019
0.529	7485.471
0.529	7484.675
0.53	7484.591
0.531	7483.995
0.531	7483.856
0.532	7483.747
0.532	7482.531
0.532	7481.753
0.533	7481.055
0.533	7480.594
0.534	7481.402
0.534	7483.248
0.535	7485.067
0.536	7487.324
0.536	7490.016
0.537	7492.698
0.538	7494.855
0.538	7496.112
0.539	7495.869
0.539	7494.557
0.54	7493.687
0.54	7494.146
0.541	7494.59
0.541	7494.057
0.542	7494.106
0.542	7493.616
0.543	7492.979
0.543	7491.931
0.544	7491.591
0.544	7492.277
0.545	7492.694
0.545	7494.223
0.546	7496.461
0.547	7499.082
0.547	7501.917
0.548	7504.32
0.548	7505.3
0.549	7505.27
0.549	7504.365
0.55	7503.975
0.551	7503.514
0.551	7503.469
0.552	7504.008
0.552	7503.643
0.553	7503.54
0.553	7502.807
0.554	7501.628
0.554	7501.072
0.555	7501.173
0.555	7503.185
0.556	7504.957
0.556	7507.11
0.557	7509.533
0.557	7511.842
0.558	7514.42
0.559	7516.463
0.559	7516.541
0.56	7515.747
0.56	7515.019
0.561	7514.43
0.561	7514.938
0.562	7515.097
0.562	7514.408
0.563	7514.707
0.563	7514.379
0.564	7512.218
0.564	7510.65
0.565	7511.177
0.565	7512.774
0.566	7514.518
0.567	7517.023
0.567	7519.273
0.568	7521.553
0.568	7523.479
0.569	7526.055
0.57	7525.774
0.57	7525.358
0.571	7524.506
0.571	7523.799
0.572	7522.814
0.572	7522.493
0.573	7522.568
0.573	7522.647
0.574	7522.268
0.574	7521.381
0.575	7520.578
0.575	7520.946
0.576	7522.691
0.576	7524.128
0.577	7526.162
0.577	7528.588
0.578	7531.442
0.579	7533.204
0.579	7535.492
0.58	7536.498
0.58	7536.106
0.581	7534.471
0.581	7533.202
0.582	7532.956
0.582	7532.487
0.583	7532.812
0.584	7533.086
0.584	7532.624
0.584	7531.923
0.585	7531.584
0.585	7530.957
0.586	7531.374
0.586	7532.998
0.587	7534.545
0.588	7537.083
0.588	7538.973
0.589	7541.644
0.59	7544.51
0.59	7546.077
0.591	7545.72
0.591	7544.569
0.592	7543.314
0.592	7542.733
0.593	7541.777
0.593	7541.287
0.594	7541.226
0.594	7540.321
0.595	7539.45
0.595	7538.916
0.596	7538.527
0.596	7538.718
0.597	7540.211
0.597	7541.863
0.598	7544.135
0.599	7547.165
0.599	7549.633
0.6	7551.389
0.6	7552.658
0.601	7553.016
0.601	7552.459
0.602	7551.902
0.603	7550.473
0.603	7550.159
0.604	7550.095
0.604	7549.61
0.605	7549.589
0.605	7549.25
0.606	7548.404
0.606	7547.448
0.607	7547.458
0.607	7548.338
0.608	7550.248
0.608	7552.473
0.609	7554.828
0.609	7557.928
0.61	7560.866
0.611	7561.999
0.611	7562.321
0.612	7562.57
0.612	7561.464
0.613	7560.289
0.613	7559.803
0.614	7559.324
0.614	7558.999
0.615	7558.785
0.615	7556.972
0.616	7556.207
0.616	7556.312
0.617	7556.133
0.617	7556.733
0.618	7558.206
0.618	7560.344
0.619	7562.678
0.62	7564.757
0.62	7567.317
0.621	7569.155
0.622	7570.389
0.622	7570.643
0.623	7569.735
0.623	7568.42
0.624	7567.135
0.624	7567.004
0.625	7567.511
0.625	7567.053
0.626	7566.412
0.626	7565.491
0.627	7564.144
0.627	7563.249
0.628	7563.621
0.628	7565.169
0.629	7566.855
0.629	7568.99
0.63	7571.41
0.631	7574.044
0.631	7576.698
0.632	7578.358
0.632	7578.408
0.633	7578.16
0.633	7577.613
0.634	7576.44
0.635	7575.5
0.635	7574.272
0.636	7574.649
0.636	7574.236
0.636	7573.062
0.637	7572.153
0.637	7571.648
0.638	7572.303
0.639	7574.127
0.639	7575.706
0.64	7577.581
0.64	7579.4
0.641	7582.428
0.641	7584.526
0.642	7586.039
0.643	7586.068
0.643	7585.574
0.644	7584.208
0.644	7583.705
0.645	7583.137
0.645	7583.085
0.646	7582.972
0.646	7582.274
0.647	7581.397
0.647	7580.228
0.648	7579.816
0.648	7580.082
0.649	7580.416
0.649	7582.307
0.65	7584.28
0.65	7586.603
0.651	7588.616
0.652	7591.267
0.652	7593.458
0.653	7594.399
0.653	7593.447
0.654	7592.961
0.655	7592.087
0.655	7590.881
0.656	7590.782
0.656	7590.561
0.657	7590.641
0.657	7589.834
0.658	7588.176
0.658	7587.216
0.659	7587.187
0.659	7588.15
0.66	7589.721
0.66	7592.096
0.661	7594.719
0.661	7596.968
0.662	7598.992
0.663	7601.219
0.663	7602.483
0.664	7601.856
0.664	7600.803
0.665	7599.901
0.665	7599.11
0.666	7599.209
0.666	7598.997
0.667	7598.827
0.667	7598.151
0.668	7596.929
0.668	7596.163
0.669	7595.998
0.669	7596.06
0.67	7597.234
0.67	7598.836
0.671	7601.417
0.672	7604.125
0.672	7606.388
0.673	7608.649
0.674	7609.903
0.674	7609.071
0.675	7608.003
0.675	7606.78
0.676	7605.718
0.676	7604.914
0.677	7605.144
0.677	7605.032
0.678	7604.103
0.678	7602.659
0.679	7601.721
0.679	7600.96
0.68	7601.075
0.68	7603.175
0.681	7605.923
0.681	7608.479
0.682	7610.423
0.683	7613.106
0.683	7615.868
0.684	7617.562
0.684	7617.16
0.685	7616.046
0.686	7615.362
0.686	7614.503
0.687	7613.516
0.687	7613.52
0.688	7613.642
0.688	7613.092
0.688	7612.244
0.689	7610.044
0.689	7609.553
0.69	7609.095
0.69	7609.85
0.691	7611.139
0.692	7612.946
0.692	7615.544
0.693	7618.228
0.694	7620.257
0.694	7622.874
0.695	7624.523
0.695	7624.021
0.696	7623.244
0.696	7621.838
0.697	7620.848
0.697	7619.962
0.698	7619.629
0.698	7618.95
0.699	7617.915
0.699	7616.926
0.7	7616.096
0.7	7616.294
0.701	7616.752
0.701	7618.408
0.702	7620.44
0.702	7621.487
0.703	7624.265
0.704	7627.768
0.704	7629.571
0.705	7631.623
0.705	7631.853
0.706	7631.233
0.707	7630.226
0.707	7629.286
0.708	7629.255
0.708	7628.686
0.709	7627.434
0.709	7626.629
0.71	7625.478
0.71	7623.813
0.711	7622.425
0.711	7623.177
0.712	7624.543
0.712	7625.503
0.713	7627.505
0.713	7629.874
0.714	7632.089
0.715	7634.464
0.715	7636.355
0.716	7637.187
0.716	7636.396
0.717	7635.445
0.717	7635.059
0.718	7634.227
0.719	7634.05
0.719	7634.102
0.72	7633.943
0.72	7631.746
0.72	7630.353
0.721	7629.398
0.721	7628.645
0.722	7629.399
0.722	7631.788
0.723	7633.613
0.724	7636.056
0.724	7638.362
0.725	7641.442
0.725	7643.794
0.726	7644.738
0.727	7644.356
0.727	7643.338
0.728	7642.979
0.728	7642.912
0.729	7642.369
0.729	7641.786
0.73	7640.971
0.73	7640.556
0.731	7640.138
0.731	7638.389
0.732	7638.815
0.732	7638.432
0.733	7639.479
0.733	7640.994
0.734	7642.988
0.735	7644.292
0.735	7646.311
0.736	7649.009
0.736	7650.605
0.737	7650.27
0.738	7648.849
0.738	7647.959
0.739	7646.969
0.739	7646.727
0.74	7646.133
0.74	7646.15
0.741	7646.468
0.741	7645.268
0.742	7643.749
0.742	7643.186
0.743	7644.035
0.743	7645.082
0.744	7646.455
0.744	7648.186
0.745	7650.533
0.745	7653.607
0.746	7656.274
0.747	7657.727
0.747	7658.177
0.748	7656.879
0.748	7655.45
0.749	7654.266
0.749	7654.349
0.75	7654.259
0.75	7653.385
0.751	7652.703
0.751	7651.898
0.752	7650.678
0.752	7650.259
0.753	7650.501
0.753	7652.098
0.754	7653.767
0.754	7655.053
0.755	7656.94
0.756	7659.25
0.756	7662.232
0.757	7664.83
0.758	7664.717
0.758	7663.768
0.759	7663.004
0.759	7662.473
0.76	7661.954
0.76	7661.846
0.761	7660.855
0.761	7659.391
0.762	7659.04
0.762	7658.097
0.763	7656.783
0.763	7656.351
0.764	7657.184
0.764	7658.933
0.765	7660.685
0.765	7662.773
0.766	7665.267
0.767	7667.859
0.767	7670.557
0.768	7670.897
0.768	7670.077
0.769	7668.591
0.769	7667.586
0.77	7666.917
0.77	7666.733
0.771	7666.495
0.771	7666.961
0.772	7666.02
0.772	7664.225
0.773	7663.562
0.773	7662.622
0.774	7662.282
0.774	7663.98
0.775	7665.802
0.776	7667.613
0.776	7669.959
0.777	7673.069
0.777	7675.722
0.778	7677.369
0.779	7677.937
0.779	7676.827
0.78	7675.034
0.78	7673.987
0.781	7674.127
0.781	7673.704
0.782	7673.443
0.782	7672.77
0.783	7671.605
0.783	7669.627
0.784	7668.04
0.784	7668.708
0.785	7669.726
0.785	7671.699
0.786	7674.398
0.787	7676.836
0.787	7679.171
0.788	7681.53
0.788	7683.888
0.789	7683.617
0.79	7682.801
0.79	7681.462
0.791	7680.865
0.791	7680.364
0.792	7680.192
0.792	7679.46
0.793	7679.005
0.793	7677.959
0.793	7676.555
0.794	7675.232
0.794	7675.085
0.795	7676.12
0.796	7677.09
0.796	7678.981
0.797	7681.132
0.797	7684.165
0.798	7686.689
0.799	7688.363
0.799	7689.064
0.8	7688.235
0.8	7687.509
0.801	7686.619
0.801	7686.466
0.802	7686.343
0.802	7686.344
0.803	7686.147
0.803	7685.583
0.804	7684.317
0.804	7683.576
0.805	7682.635
0.805	7682.782
0.806	7684.464
0.806	7685.949
0.807	7686.907
0.808	7688.438
0.808	7691.789
0.809	7693.839
0.81	7694.95
0.81	7694.922
0.811	7694.169
0.811	7693.374
0.812	7691.775
0.812	7690.681
0.813	7691.248
0.813	7690.904
0.814	7690.65
0.814	7689.372
0.815	7688.467
0.815	7688.07
0.816	7688.619
0.816	7689.67
0.817	7691.226
0.817	7692.736
0.818	7695.476
0.819	7697.564
0.819	7698.672
0.82	7700.067
0.82	7700.23
0.821	7699.693
0.821	7698.769
0.822	7698.021
0.822	7697.565
0.823	7697.677
0.823	7698.39
0.824	7697.921
0.824	7697.116
0.825	7696.119
0.825	7695.668
0.826	7695.723
0.826	7697.025
0.827	7698.634
0.828	7699.818
0.828	7701.382
0.829	7703.639
0.829	7706.463
0.83	7708.227
0.831	7708.561
0.831	7707.82
0.832	7706.589
0.832	7704.852
0.833	7703.907
0.833	7703.887
0.834	7703.153
0.834	7702.881
0.835	7702.017
0.835	7701.181
0.836	7700.824
0.836	7700.651
0.837	7701.548
0.837	7702.568
0.838	7704.277
0.839	7706.448
0.839	7708.867
0.84	7711.325
0.84	7713.341
0.841	7713.888
0.841	7713.293
0.842	7711.82
0.843	7710.932
0.843	7710.05
0.844	7709.095
0.844	7708.51
0.845	7708.385
0.845	7708.034
0.845	7706.471
0.846	7706.22
0.846	7706.076
0.847	7705.656
0.848	7706.642
0.848	7709.158
0.849	7710.611
0.849	7713.51
0.85	7717.015
0.851	7719.676
0.851	7721.895
0.852	7721.564
0.852	7720.237
0.853	7718.932
0.853	7717.629
0.854	7716.082
0.854	7716.003
0.855	7716.114
0.855	7715.413
0.856	7713.359
0.856	7711.692
0.857	7711.801
0.857	7711.765
0.858	7712.473
0.858	7714.771
0.859	7717.324
0.86	7719.44
0.86	7721.516
0.861	7723.984
0.862	7725.307
0.862	7725.458
0.863	7724.453
0.863	7724.043
0.864	7723.278
0.864	7722.648
0.865	7722.024
0.865	7721.984
0.866	7721.35
0.866	7719.169
0.867	7717.728
0.867	7716.887
0.868	7716.278
0.868	7717.637
0.869	7719.387
0.869	7721.652
0.87	7723.066
0.87	7725.136
0.871	7728.512
0.872	7731.687
0.872	7732.715
0.873	7732.523
0.873	7731.89
0.874	7730.314
0.874	7729.273
0.875	7728.981
0.876	7728.896
0.876	7728.239
0.876	7726.283
0.877	7724.943
0.877	7724.001
0.878	7723.291
0.878	7724.168
0.879	7725.95
0.88	7727.886
0.88	7729.752
0.881	7732.21
0.881	7734.059
0.882	7735.757
0.883	7736.611
0.883	7736.504
0.884	7735.583
0.884	7734.063
0.885	7733.869
0.885	7734.633
0.886	7734.051
0.886	7733.325
0.887	7731.568
0.887	7730.63
0.888	7729.384
0.888	7728.625
0.889	7728.937
0.889	7729.977
0.89	7732.132
0.89	7734.876
0.891	7736.514
0.892	7738.166
0.892	7740.326
0.893	7742.388
0.893	7742.551
0.894	7741.9
0.895	7741.738
0.895	7741.566
0.896	7741.283
0.896	7741.042
0.897	7740.725
0.897	7739.877
0.898	7738.911
0.898	7737.402
0.899	7736.315
0.899	7737.084
0.9	7737.962
0.9	7739.938
0.901	7742.035
0.901	7743.555
0.902	7745.351
0.903	7748.163
0.903	7750.042
0.904	7750.499
0.904	7749.104
0.905	7747.809
0.905	7746.918
0.906	7745.845
0.906	7746.199
0.907	7745.892
0.907	7745.249
0.908	7743.469
0.908	7741.611
0.909	7740.862
0.909	7740.593
0.91	7741.429
0.91	7743.488
0.911	7745.544
0.912	7747.67
0.912	7749.839
0.913	7752.212
0.913	7754.755
0.914	7754.793
0.915	7753.84
0.915	7753.036
0.916	7752.494
0.916	7751.569
0.917	7750.521
0.917	7750.831
0.918	7750.642
0.918	7749.85
0.919	7749.614
0.919	7748.592
0.92	7747.547
0.92	7747.573
0.921	7748.196
0.921	7750.424
0.922	7752.501
0.923	7754.966
0.923	7757.379
0.924	7759.288
0.924	7761.411
0.925	7760.458
0.925	7759.492
0.926	7758.072
0.927	7757.029
0.927	7756.563
0.928	7756.812
0.928	7756.703
0.929	7755.138
0.929	7752.855
0.929	7751.893
0.93	7750.766
0.93	7750.895
0.931	7751.903
0.932	7753.55
0.932	7755.492
0.933	7757.143
0.933	7759.216
0.934	7762.164
0.935	7764.723
0.935	7765.61
0.936	7764.371
0.936	7763.972
0.937	7763.233
0.937	7762.589
0.938	7762.404
0.938	7762.08
0.939	7761.519
0.939	7760.579
0.94	7759.067
0.94	7758.33
0.941	7756.721
0.941	7757.241
0.942	7758.694
0.942	7760.527
0.943	7762.473
0.944	7764.624
0.944	7767.722
0.945	7770.401
0.945	7772.058
0.946	7771.942
0.947	7770.652
0.947	7769.771
0.948	7768.403
0.948	7767.2
0.949	7767.067
0.949	7766.522
0.95	7765.357
0.95	7763.833
0.951	7762.883
0.951	7762.503
0.952	7763.042
0.952	7764.559
0.953	7765.389
0.953	7766.7
0.954	7768.904
0.955	7771.61
0.955	7773.674
0.956	7775.504
0.956	7775.017
0.957	7774.929
0.957	7774.096
0.958	7773.169
0.958	7772.912
0.959	7772.266
0.959	7772.739
0.96	7771.723
0.96	7770.143
0.961	7769.065
0.961	7768.42
0.962	7768.205
0.962	7768.897
0.963	7770.057
0.963	7771.658
0.964	7773.958
0.965	7776.523
0.965	7779.405
0.966	7781.385
0.967	7782.128
0.967	7782.105
0.968	7781.649
0.968	7780.738
0.969	7780.248
0.969	7780.148
0.97	7779.94
0.97	7779.599
0.971	7778.377
0.971	7776.55
0.972	7774.634
0.972	7773.84
0.973	7774.619
0.973	7776.412
0.974	7778.367
0.974	7779.722
0.975	7781.589
0.976	7783.706
0.976	7786.752
0.977	7787.509
0.977	7786.493
0.978	7785.461
0.979	7784.235
0.979	7782.914
0.98	7782.816
0.98	7783.296
0.981	7782.519
0.981	7781.808
0.982	7780.871
0.982	7779.482
0.982	7779.876
0.983	7780.075
0.984	7780.392
0.984	7782.15
0.985	7784.202
0.985	7786.511
0.986	7788.697
0.987	7790.732
0.987	7791.884
0.988	7791.783
0.988	7790.752
0.989	7789.285
0.989	7788.771
0.99	7788.239
0.99	7787.898
0.991	7788.532
0.991	7787.513
0.992	7786.437
0.992	7785.382
0.993	7784.717
0.993	7785.124
0.994	7786.339
0.994	7788.229
0.995	7790.001
0.996	7792.619
0.996	7795.421
0.997	7797.503
0.997	7798.771
0.998	7798.39
0.999	7796.862
0.999	7796.318
1	7795.177
1	7795.4
1.001	7794.18
1.001	7793.13
1.002	7792.581
1.002	7791.231
1.003	7789.773
1.003	7789.607
1.004	7789.277
1.004	7790.43
1.005	7792.225
1.005	7794.117
1.006	7796.043
1.007	7799.445
1.007	7801.654
1.008	7803.211
1.008	7802.783
1.009	7801.848
1.009	7801.041
1.01	7800.123
1.01	7798.969
1.011	7798.581
1.011	7798.667
1.012	7797.596
1.012	7796.536
1.013	7795.611
1.013	7794.308
1.014	7793.797
1.014	7794.453
1.015	7796.274
1.016	7798.748
1.016	7801.112
1.017	7803.416
1.017	7806.243
1.018	7809.306
1.019	7808.952
1.019	7807.104
1.02	7806.238
1.02	7805.559
1.021	7805.101
1.021	7804.979
1.022	7804.996
1.022	7804.666
1.023	7803.031
1.023	7801.25
1.024	7800.6
1.024	7800.557
1.025	7801.309
1.025	7802.124
1.026	7803.273
1.026	7804.432
1.027	7806.778
1.028	7809.849
1.028	7812.31
1.029	7814.194
1.029	7814.184
1.03	7813.185
1.03	7812.029
1.031	7811.318
1.032	7810.273
1.032	7809.622
1.033	7808.705
1.033	7807.642
1.033	7806.039
1.034	7804.516
1.034	7803.827
1.035	7804.737
1.036	7805.892
1.036	7807.505
1.037	7809.163
1.037	7811.716
1.038	7814.411
1.039	7816.825
1.039	7818.324
1.04	7818.813
1.04	7817.995
1.041	7816.659
1.041	7815.927
1.042	7815.499
1.042	7815.191
1.043	7814.725
1.043	7813.756
1.044	7812.812
1.044	7810.501
1.045	7809.754
1.045	7810.603
1.046	7812.212
1.046	7813.274
1.047	7814.358
1.048	7815.649
1.048	7817.779
1.049	7820.597
1.049	7822.382
1.05	7823.243
1.051	7822.629
1.051	7821.13
1.052	7819.861
1.052	7819.97
1.053	7819.128
1.053	7818.757
1.054	7818.444
1.054	7817.249
1.055	7816.429
1.055	7815.946
1.056	7816.363
1.056	7816.911
1.057	7817.223
1.057	7819.62
1.058	7821.189
1.058	7822.508
1.059	7825.059
1.06	7827.113
1.06	7828.348
1.061	7827.683
1.061	7826.397
1.062	7824.777
1.062	7823.769
1.063	7823.141
1.063	7823.367
1.064	7823.081
1.064	7822.717
1.065	7821.989
1.065	7820.927
1.066	7819.52
1.066	7819.996
1.067	7821.612
1.068	7823.232
1.068	7825.247
1.069	7827.431
1.069	7830.034
1.07	7832.205
1.071	7833.324
1.071	7833.357
1.072	7832.455
1.072	7830.822
1.073	7829.52
1.073	7828.947
1.074	7828.289
1.074	7827.853
1.075	7827.059
1.075	7825.937
1.076	7824.433
1.076	7823.052
1.077	7822.962
1.077	7824.545
1.078	7826.919
1.078	7828.445
1.079	7830.625
1.08	7833.023
1.08	7835.997
1.081	7837.231
1.081	7836.48
1.082	7835.461
1.082	7835.166
1.083	7834.536
1.084	7834.221
1.084	7833.427
1.085	7833.353
1.085	7833.211
1.085	7832.249
1.086	7830.851
1.086	7829.975
1.087	7830.166
1.087	7831.192
1.088	7832.622
1.089	7834.908
1.089	7837.183
1.09	7839.713
1.091	7842.633
1.091	7843.897
1.092	7845.237
1.092	7845.342
1.093	7843.838
1.093	7841.664
1.094	7840.189
1.094	7840.4
1.095	7839.357
1.095	7837.947
1.096	7836.481
1.096	7834.536
1.097	7832.728
1.097	7832.8
1.098	7833.381
1.098	7835.042
1.099	7836.464
1.1	7838.927
1.1	7840.833
1.101	7844.083
1.101	7846.298
1.102	7847.258
1.103	7847.311
1.103	7846.331
1.104	7845.466
1.104	7844.739
1.105	7843.676
1.105	7843.335
1.106	7843.083
1.106	7842.485
1.107	7840.908
1.107	7838.975
1.107	7837.973
1.108	7837.861
1.109	7838.744
1.109	7841.131
1.11	7843.333
1.11	7846.47
1.111	7849.844
1.112	7851.744
1.112	7852.061
1.113	7852.265
1.113	7851.679
1.114	7850.469
1.114	7850.229
1.115	7849.476
1.116	7849.313
1.116	7848.906
1.116	7847.489
1.117	7845.41
1.117	7844.239
1.118	7843.132
1.118	7843.12
1.119	7844.538
1.12	7846.082
1.12	7847.886
1.121	7850.455
1.121	7853.564
1.122	7855.876
1.123	7856.642
1.123	7856.478
1.124	7855.418
1.124	7854.735
1.125	7853.672
1.125	7853.003
1.126	7852.67
1.126	7852.712
1.127	7851.309
1.127	7849.381
1.128	7848.504
1.128	7846.943
1.129	7847.035
1.129	7848.597
1.13	7849.768
1.13	7850.61
1.131	7853.095
1.132	7855.793
1.132	7858.712
1.133	7860.262
1.133	7861.577
1.134	7861.231
1.134	7859.962
1.135	7858.961
1.136	7858.529
1.136	7858.065
1.137	7857.696
1.137	7857.158
1.138	7856.913
1.138	7855.348
1.138	7853.954
1.139	7853.407
1.14	7853.818
1.14	7855.061
1.141	7855.859
1.141	7857.394
1.142	7860.29
1.143	7862.25
1.143	7864.743
1.144	7866.16
1.144	7865.534
1.145	7864.61
1.145	7863.969
1.146	7862.435
1.146	7861.285
1.147	7860.896
1.147	7860.483
1.148	7859.384
1.148	7857.598
1.149	7856.949
1.149	7856.528
1.15	7856.61
1.15	7857.94
1.151	7859.667
1.152	7861.089
1.152	7863.377
1.153	7866.201
1.153	7868.187
1.154	7869.622
1.155	7869.528
1.155	7869.386
1.156	7868.405
1.156	7866.884
1.157	7865.692
1.157	7865.088
1.158	7865.416
1.158	7865.019
1.159	7864.296
1.159	7862.58
1.16	7861.468
1.16	7860.793
1.161	7861.787
1.161	7863.024
1.162	7865.124
1.162	7867.234
1.163	7869.303
1.164	7871.754
1.164	7874
1.165	7874.697
1.165	7873.609
1.166	7872.045
1.166	7871.33
1.167	7870.38
1.168	7869.571
1.168	7869.321
1.168	7869.256
1.169	7867.92
1.169	7866.796
1.17	7866.122
1.17	7865.458
1.171	7866.333
1.172	7867.418
1.172	7868.811
1.173	7870.89
1.173	7872.994
1.174	7876.102
1.175	7878.605
1.175	7879.499
1.176	7878.876
1.176	7877.32
1.177	7876.082
1.177	7875.28
1.178	7875.128
1.178	7874.625
1.179	7874.558
1.179	7872.82
1.18	7870.711
1.18	7869.276
1.181	7869.393
1.181	7869.57
1.182	7870.091
1.182	7871.755
1.183	7873.623
1.184	7876.023
1.184	7879.017
1.185	7881.687
1.185	7883.293
1.186	7883.197
1.187	7882.377
1.187	7881.721
1.188	7880.677
1.188	7880.161
1.189	7879.798
1.189	7878.659
1.19	7876.952
1.19	7876.209
1.19	7874.503
1.191	7873.641
1.192	7874.134
1.192	7875
1.193	7876.386
1.193	7877.687
1.194	7879.665
1.194	7883.08
1.195	7885.302
1.196	7886.816
1.196	7886.868
1.197	7885.305
1.197	7884.529
1.198	7883.782
1.198	7883.035
1.199	7882.967
1.199	7882.703
1.2	7881.273
1.2	7879.86
1.201	7878.498
1.201	7877.505
1.202	7877.081
1.202	7877.741
1.203	7878.704
1.203	7879.966
1.204	7882.474
1.205	7885.503
1.205	7888.143
1.206	7890.324
1.207	7891.033
1.207	7890.735
1.208	7889.13
1.208	7888.634
1.209	7888.323
1.209	7887.895
1.21	7887.63
1.21	7886.298
1.211	7884.343
1.211	7882.816
1.212	7881.598
1.212	7881.458
1.213	7883.05
1.213	7884.054
1.214	7885.519
1.214	7887.51
1.215	7889.892
1.216	7891.682
1.216	7893.791
1.217	7894.165
1.217	7893.232
1.218	7892.305
1.218	7891.219
1.219	7891.243
1.22	7890.777
1.22	7890.033
1.22	7889.41
1.221	7888.169
1.221	7887.273
1.222	7885.792
1.222	7885.213
1.223	7885.899
1.223	7886.857
1.224	7888.67
1.225	7890.649
1.225	7892.412
1.226	7895.401
1.226	7896.604
1.227	7897.627
1.228	7897.162
1.228	7896.174
1.229	7894.873
1.229	7894.639
1.23	7893.94
1.23	7893.74
1.231	7893.749
1.231	7893.198
1.232	7891.79
1.232	7890.448
1.233	7890.45
1.233	7890.679
1.234	7891.58
1.234	7893.243
1.235	7895.377
1.236	7897.387
1.236	7899.333
1.237	7901.329
1.237	7902.055
1.238	7901.438
1.238	7900.007
1.239	7899.601
1.24	7898.684
1.24	7897.862
1.241	7897.944
1.241	7897.994
1.242	7896.984
1.242	7896.013
1.243	7894.934
1.243	7893.864
1.244	7893.915
1.244	7895.152
1.245	7896.795
1.245	7897.747
1.246	7899.356
1.247	7902.25
1.247	7905.645
1.248	7907.05
1.248	7906.163
1.249	7904.681
1.249	7903.988
1.25	7902.7
1.25	7901.853
1.251	7901.113
1.251	7900.673
1.252	7900.422
1.252	7898.865
1.253	7898.404
1.253	7897.455
1.254	7897.016
1.254	7898.868
1.255	7900.544
1.256	7902.73
1.256	7904.307
1.257	7906.734
1.257	7909.637
1.258	7910.551
1.259	7910.507
1.259	7909.478
1.26	7908.568
1.26	7907.837
1.261	7906.954
1.261	7905.497
1.262	7904.732
1.262	7904.114
1.263	7903.199
1.263	7901.599
1.264	7900.627
1.264	7899.769
1.265	7900.579
1.265	7902.223
1.266	7903.976
1.266	7906.404
1.267	7908.152
1.268	7911.018
1.268	7913.318
1.269	7914.718
1.269	7914.367
1.27	7913.514
1.27	7912.047
1.271	7911.329
1.271	7910.569
1.272	7909.711
1.272	7908.08
1.273	7906.472
1.273	7905.37
1.274	7903.871
1.274	7902.883
1.275	7902.958
1.275	7904.714
1.276	7906.499
1.277	7908.413
1.277	7910.267
1.278	7912.782
1.278	7915.679
1.279	7917.329
1.28	7916.794
1.28	7917.075
1.281	7916.653
1.281	7915.572
1.282	7914.177
1.282	7913.368
1.283	7912.931
1.283	7911.752
1.284	7910.239
1.284	7908.687
1.285	7907.206
1.285	7906.653
1.286	7906.788
1.286	7908.006
1.287	7910.395
1.288	7912.996
1.288	7915.722
1.289	7918.38
1.289	7920.196
1.29	7920.882
1.291	7920.009
1.291	7918.006
1.292	7916.614
1.292	7915.586
1.293	7915.634
1.293	7914.88
1.294	7914.571
1.294	7913.071
1.295	7910.823
1.295	7909.494
1.295	7909.254
1.296	7909.169
1.297	7910.699
1.297	7912.542
1.298	7914.646
1.298	7916.912
1.299	7918.929
1.3	7920.866
1.3	7921.622
1.301	7922.578
1.301	7922.443
1.302	7921.937
1.302	7921.168
1.303	7920.903
1.303	7920.596
1.304	7920.05
1.304	7919.015
1.305	7917.327
1.305	7915.163
1.306	7913.842
1.306	7914.463
1.307	7915.985
1.308	7917.753
1.308	7919.611
1.309	7922.385
1.309	7924.951
1.31	7926.792
1.311	7927.757
1.311	7927.071
1.312	7925.683
1.312	7924.825
1.313	7923.72
1.313	7922.662
1.314	7922.145
1.314	7921.707
1.315	7920.216
1.315	7918.418
1.316	7917.268
1.316	7915.909
1.317	7916.046
1.317	7916.53
1.318	7918.378
1.318	7921.021
1.319	7923.291
1.32	7926.253
1.32	7928.724
1.321	7929.501
1.321	7929.69
1.322	7928.285
1.322	7926.842
1.323	7925.664
1.323	7925.839
1.324	7925.874
1.324	7925.026
1.325	7924.664
1.325	7923.738
1.326	7922.321
1.326	7920.948
1.327	7920.496
1.327	7921.698
1.328	7923.618
1.329	7924.833
1.329	7927.01
1.33	7930.029
1.331	7932.414
1.331	7933.827
1.332	7933.776
1.332	7932.555
1.333	7931.119
1.333	7930.119
1.334	7928.82
1.334	7928.499
1.335	7928.535
1.335	7927.478
1.336	7925.134
1.336	7922.976
1.337	7922.173
1.337	7921.66
1.338	7922.039
1.338	7923.296
1.339	7924.907
1.34	7927.131
1.34	7930.008
1.341	7932.668
1.341	7934.816
1.342	7935.052
1.343	7934.325
1.343	7933.382
1.344	7931.912
1.344	7931.076
1.345	7929.897
1.345	7929.041
1.346	7928.967
1.346	7927.41
1.346	7925.872
1.347	7924.339
1.347	7923.062
1.348	7923.574
1.348	7924.883
1.349	7926.603
1.35	7928.964
1.35	7931.481
1.351	7933.906
1.352	7936.863
1.352	7939.971
1.353	7940.207
1.353	7939.453
1.354	7937.994
1.354	7936.801
1.355	7935.329
1.355	7934.048
1.356	7933.316
1.356	7933.254
1.357	7931.769
1.357	7929.294
1.358	7928.244
1.358	7927.651
1.359	7928.989
1.359	7930.679
1.36	7932.338
1.361	7934.781
1.361	7936.668
1.362	7938.913
1.363	7940.199
1.363	7940.662
1.364	7940.157
1.364	7939.391
1.365	7938.599
1.365	7937.574
1.366	7937.355
1.366	7936.832
1.367	7934.191
1.367	7931.872
1.368	7930.085
1.368	7929.013
1.369	7928.577
1.369	7928.591
1.37	7930.082
1.37	7931.77
1.371	7933.493
1.371	7935.966
1.372	7938.786
1.373	7940.861
1.373	7942.415
1.374	7942.763
1.374	7942.084
1.375	7940.786
1.375	7940.495
1.376	7939.367
1.377	7939.268
1.377	7938.658
1.378	7937.897
1.378	7936.21
1.378	7934.685
1.379	7933.319
1.379	7933.507
1.38	7933.955
1.381	7935.502
1.381	7937.494
1.382	7940.117
1.382	7942.331
1.383	7943.736
1.384	7945.283
1.384	7945.639
1.385	7945.027
1.385	7943.632
1.386	7941.871
1.386	7940.995
1.387	7940.705
1.387	7940.245
1.388	7938.595
1.388	7937.188
1.389	7935.293
1.389	7934.206
1.39	7934
1.39	7934.467
1.391	7935.589
1.391	7937.622
1.392	7938.335
1.393	7940.319
1.393	7943.466
1.394	7945.763
1.394	7946.305
1.395	7945.555
1.396	7945.03
1.396	7944.253
1.397	7943.429
1.397	7943.601
1.398	7943.57
1.398	7942.964
1.399	7942.335
1.399	7940.611
1.4	7939.042
1.4	7938.351
1.401	7939.075
1.401	7939.793
1.402	7941.081
1.402	7942.71
1.403	7945.245
1.404	7948.757
1.404	7950.496
1.405	7951.057
1.405	7950.429
1.406	7949.292
1.406	7948.554
1.407	7948.041
1.408	7947.654
1.408	7946.357
1.409	7944.853
1.409	7943.16
1.409	7942.4
1.41	7940.7
1.41	7939.947
1.411	7939.961
1.412	7941.155
1.412	7942.848
1.413	7944.543
1.413	7946.665
1.414	7948.367
1.415	7949.767
1.415	7951.027
1.416	7950.82
1.416	7949.68
1.417	7948.177
1.417	7946.81
1.418	7946.762
1.418	7946.968
1.419	7946.665
1.419	7945.808
1.42	7944.658
1.42	7943.143
1.421	7941.788
1.421	7941.483
1.422	7942.008
1.422	7943.014
1.423	7945.349
1.423	7948.109
1.424	7950.972
1.425	7954.467
1.425	7955.995
1.426	7955.823
1.426	7954.566
1.427	7952.817
1.428	7951.296
1.428	7950.908
1.429	7950.499
1.429	7949.669
1.43	7948.354
1.43	7946.61
1.431	7945.334
1.431	7944.124
1.432	7943.659
1.432	7944.541
1.433	7945.166
1.433	7946.62
1.434	7948.727
1.434	7950.571
1.435	7953.172
1.436	7953.963
1.436	7953.318
1.437	7952.206
1.437	7951.028
1.438	7950.136
1.438	7950.142
1.439	7949.257
1.439	7949.312
1.44	7949.062
1.44	7947.914
1.441	7946.156
1.441	7944.555
1.442	7943.565
1.442	7944.118
1.443	7945.561
1.443	7947.498
1.444	7949.154
1.445	7951.668
1.445	7954.26
1.446	7955.969
1.446	7956.891
1.447	7956.485
1.448	7956.192
1.448	7955.44
1.449	7955.034
1.449	7954.631
1.45	7953.263
1.45	7952.702
1.451	7951.451
1.451	7949.432
1.452	7947.801
1.452	7946.638
1.453	7947.145
1.453	7948.318
1.454	7949.799
1.454	7951.608
1.455	7953.711
1.456	7955.987
1.456	7958.018
1.457	7958.651
1.457	7958.389
1.458	7956.247
1.458	7955.285
1.459	7954.531
1.459	7953.76
1.46	7953.416
1.46	7952.635
1.461	7951.969
1.461	7950.456
1.462	7948.967
1.462	7947.883
1.463	7947.495
1.463	7948.419
1.464	7949.487
1.465	7950.946
1.465	7952.867
1.466	7955.072
1.466	7957.65
1.467	7959.119
1.468	7959.33
1.468	7957.984
1.469	7956.521
1.469	7956.167
1.47	7954.977
1.47	7955.283
1.471	7955.198
1.471	7954.587
1.472	7953.535
1.472	7951.598
1.473	7950.523
1.473	7950.283
1.474	7950.701
1.474	7951.592
1.475	7953.096
1.476	7954.887
1.476	7957.013
1.477	7958.775
1.477	7960.798
1.478	7960.682
1.479	7958.938
1.479	7957.674
1.48	7956.145
1.48	7955.827
1.481	7954.535
1.481	7953.767
1.482	7953.047
1.482	7951.926
1.483	7950.522
1.483	7950.007
1.484	7950.008
1.484	7949.572
1.485	7950.52
1.485	7951.834
1.486	7952.072
1.486	7953.559
1.487	7956.95
1.488	7959.645
1.488	7960.77
1.489	7960.566
1.489	7959.081
1.49	7957.822
1.49	7957.322
1.491	7956.794
1.491	7955.783
1.492	7955.243
1.492	7954.475
1.493	7953.373
1.493	7952.642
1.494	7951.845
1.494	7951.125
1.495	7952.2
1.495	7954.108
1.496	7955.939
1.497	7957.475
1.497	7960.041
1.498	7962.926
1.499	7964.487
1.499	7964.693
1.5	7962.832
1.5	7961.468
1.501	7960.549
1.501	7959.02
1.502	7957.886
1.502	7957.274
1.503	7955.163
1.503	7952.615
1.504	7951.813
1.504	7950.355
1.505	7949.783
1.505	7950.431
1.506	7951.293
1.506	7952.822
1.507	7955.449
1.508	7957.607
1.508	7960.497
1.509	7962.338
1.509	7961.718
1.51	7960.583
1.51	7959.302
1.511	7957.772
1.511	7955.925
1.512	7953.992
1.512	7953.622
1.513	7953.416
1.513	7952.682
1.514	7951.048
1.514	7949.209
1.515	7948.834
1.515	7949.165
1.516	7950.921
1.516	7953.019
1.517	7954.488
1.518	7957.107
1.518	7959.835
1.519	7962.449
1.52	7963.972
1.52	7963.494
1.521	7963.028
1.521	7961.232
1.522	7959.719
1.522	7958.432
1.523	7957.581
1.523	7956.903
1.524	7955.802
1.524	7953.438
1.525	7951.356
1.525	7950.452
1.526	7951.998
1.526	7952.905
1.527	7954.392
1.528	7955.973
1.528	7957.989
1.529	7959.938
1.529	7961.012
1.53	7962.357
1.531	7962.172
1.531	7961.185
1.532	7959.731
1.532	7957.638
1.533	7957.53
1.533	7957.283
1.534	7956.306
1.534	7953.737
1.535	7951.659
1.535	7950.052
1.535	7948.442
1.536	7948.477
1.536	7949.581
1.537	7950.9
1.538	7952.791
1.538	7955.13
1.539	7957.53
1.539	7960.29
1.54	7961.809
1.541	7962.285
1.541	7961.094
1.542	7959.05
1.542	7957.707
1.543	7957.653
1.543	7957.283
1.544	7956.899
1.544	7956.646
1.545	7954.983
1.545	7952.801
1.546	7951.597
1.546	7950.508
1.547	7951.48
1.547	7952.426
1.548	7954.821
1.549	7956.85
1.549	7958.612
1.55	7960.156
1.551	7961.928
1.551	7961.064
1.552	7959.876
1.552	7958.97
1.553	7957.595
1.553	7956.635
1.554	7956.416
1.554	7956.368
1.555	7954.268
1.555	7952.671
1.556	7950.496
1.556	7949.078
1.557	7948.447
1.557	7949.307
1.558	7950.898
1.558	7952.197
1.559	7953.849
1.56	7955.874
1.56	7957.788
1.561	7959.073
1.561	7959.631
1.562	7958.761
1.562	7957.854
1.563	7956.793
1.563	7955.882
1.564	7954.644
1.564	7954.304
1.565	7953.855
1.565	7952.523
1.566	7951.805
1.566	7950.452
1.567	7949.204
1.567	7949.394
1.568	7950.687
1.569	7952.528
1.569	7954.416
1.57	7956.255
1.57	7958.69
1.571	7960.355
1.572	7960.881
1.572	7960.299
1.573	7959.236
1.573	7957.363
1.574	7955.897
1.574	7954.136
1.575	7953.818
1.575	7953.23
1.576	7952.037
1.576	7949.977
1.577	7948.602
1.577	7947.665
1.578	7947.117
1.578	7947.529
1.579	7948.823
1.579	7949.822
1.58	7951.95
1.581	7954.535
1.581	7957.315
1.582	7958.463
1.582	7958.33
1.583	7956.771
1.584	7954.736
1.584	7953.774
1.585	7953.105
1.585	7951.955
1.586	7951.11
1.586	7949.553
1.586	7947.825
1.587	7946.016
1.587	7943.893
1.588	7943.489
1.588	7944.456
1.589	7946.085
1.59	7947.328
1.59	7949.176
1.591	7952.637
1.592	7955.589
1.592	7957.359
1.593	7957.84
1.593	7957.15
1.594	7955.693
1.594	7954.778
1.595	7953.869
1.595	7952.013
1.596	7950.354
1.596	7949.473
1.597	7948.156
1.597	7946.055
1.598	7944.562
1.598	7943.988
1.599	7944.684
1.599	7945.249
1.6	7946.567
1.601	7948.083
1.601	7950.875
1.602	7952.763
1.602	7954.083
1.603	7955.278
1.604	7954.72
1.604	7953.768
1.605	7952.69
1.605	7951.17
1.606	7949.873
1.606	7947.822
1.607	7946.631
1.607	7945.796
1.608	7944.097
1.608	7942.397
1.609	7941.68
1.609	7940.859
1.61	7941.214
1.61	7942.012
1.611	7943.906
1.611	7945.707
1.612	7948.253
1.613	7950.453
1.613	7952.181
1.614	7953.397
1.614	7953.104
1.615	7951.796
1.615	7951.173
1.616	7950.242
1.617	7949.475
1.617	7948.537
1.618	7947.478
1.618	7945.223
1.619	7943.131
1.619	7941.366
1.619	7940.616
1.62	7941.455
1.621	7941.883
1.621	7943.315
1.622	7944.647
1.622	7946.33
1.623	7948.817
1.624	7950.768
1.624	7950.912
1.625	7949.824
1.625	7948.098
1.626	7947.722
1.626	7946.192
1.627	7945.152
1.627	7943.892
1.628	7942.89
1.628	7940.986
1.629	7939.887
1.629	7938.584
1.63	7937.247
1.63	7937.082
1.631	7937.997
1.631	7939.581
1.632	7940.877
1.633	7942.389
1.633	7945.004
1.634	7947.026
1.634	7948.433
1.635	7947.403
1.635	7946.346
1.636	7945.553
1.637	7944.939
1.637	7944.68
1.638	7943.522
1.638	7943.563
1.639	7942.295
1.639	7940.001
1.64	7938.416
1.64	7937.446
1.641	7937.152
1.641	7937.791
1.642	7938.606
1.642	7939.12
1.643	7940.862
1.644	7942.941
1.644	7945.68
1.645	7946.633
1.645	7945.286
1.646	7943.304
1.646	7942.559
1.647	7941.081
1.647	7939.68
1.648	7939.075
1.648	7938.565
1.649	7937.423
1.649	7935.799
1.65	7932.959
1.65	7931.365
1.651	7930.999
1.651	7931.766
1.652	7933.461
1.653	7934.985
1.653	7937.169
1.654	7939.237
1.655	7942.617
1.655	7943.77
1.656	7943.187
1.656	7941.162
1.657	7939.062
1.657	7937.568
1.658	7936.094
1.658	7935.816
1.659	7935.101
1.659	7933.704
1.66	7932.358
1.66	7930.471
1.661	7930.026
1.661	7929.153
1.662	7929.296
1.662	7930.661
1.663	7932.885
1.663	7935.041
1.664	7937.598
1.665	7939.863
1.665	7941.751
1.666	7941.271
1.666	7939.602
1.667	7937.215
1.668	7935.712
1.668	7935.388
1.669	7934.074
1.669	7931.949
1.67	7931.108
1.67	7929.132
1.67	7927.395
1.671	7925.994
1.671	7925.733
1.672	7925.787
1.673	7926.604
1.673	7927.847
1.674	7929.469
1.674	7931.773
1.675	7933.685
1.676	7935.381
1.676	7935.843
1.677	7934.337
1.677	7932.845
1.678	7931.578
1.678	7929.882
1.679	7928.813
1.679	7928.187
1.68	7927.679
1.68	7926.781
1.681	7924.997
1.681	7923.242
1.682	7921.739
1.682	7921.038
1.683	7922.174
1.683	7923.624
1.684	7925.349
1.684	7927.216
1.685	7929.937
1.686	7932.773
1.686	7934.272
1.687	7934.237
1.688	7933.054
1.688	7931.941
1.689	7930.878
1.689	7928.785
1.69	7927.512
1.69	7925.678
1.691	7923.72
1.691	7922.126
1.692	7920.199
1.692	7917.969
1.693	7917.294
1.693	7918.703
1.694	7919.985
1.694	7921.006
1.695	7923.019
1.696	7924.998
1.696	7926.737
1.697	7927.499
1.697	7927.235
1.698	7925.837
1.698	7924.028
1.699	7922.418
1.699	7920.694
1.7	7920.329
1.7	7919.124
1.701	7917.826
1.701	7917.034
1.702	7916.231
1.702	7915.186
1.703	7914.427
1.703	7913.922
1.704	7914.62
1.704	7915.695
1.705	7917.415
1.706	7919.017
1.706	7920.655
1.707	7923.027
1.707	7923.994
1.708	7922.89
1.709	7921.219
1.709	7920.05
1.71	7919.595
1.71	7918.629
1.711	7917.222
1.711	7916.104
1.712	7914.836
1.712	7913.053
1.713	7911.801
1.713	7910.884
1.714	7910.708
1.714	7911.14
1.715	7912.501
1.715	7913.373
1.716	7914.936
1.717	7916.487
1.717	7918.532
1.718	7919.441
1.718	7918.643
1.719	7916.374
1.72	7914.545
1.72	7913.589
1.721	7912.612
1.721	7911.15
1.722	7910.073
1.722	7908.757
1.722	7907.132
1.723	7905.683
1.723	7904.168
1.724	7903.933
1.725	7904.705
1.725	7905.772
1.726	7907.56
1.726	7909.593
1.727	7912.004
1.728	7914.175
1.728	7914.772
1.729	7913.308
1.729	7911.385
1.73	7909.43
1.73	7908.475
1.731	7907.201
1.731	7906.01
1.732	7905.224
1.732	7904.166
1.733	7903.109
1.733	7901.448
1.734	7900.585
1.734	7900.029
1.735	7900.486
1.735	7902.185
1.736	7904.052
1.737	7905.528
1.737	7907.302
1.738	7909.126
1.738	7909.663
1.739	7908.652
1.74	7907.605
1.74	7905.576
1.741	7903.815
1.741	7902.877
1.742	7901.272
1.742	7899.828
1.743	7898.687
1.743	7897.176
1.744	7895.635
1.744	7893.83
1.745	7893.009
1.745	7893.634
1.746	7894.734
1.746	7896.72
1.747	7897.957
1.748	7900.337
1.748	7902.597
1.749	7904.708
1.749	7905.099
1.75	7903.587
1.75	7901.159
1.751	7899.375
1.751	7897.057
1.752	7894.906
1.752	7893.894
1.753	7893.079
1.753	7891.672
1.754	7889.366
1.754	7887.455
1.755	7886.778
1.755	7887.13
1.756	7888.523
1.756	7889.828
1.757	7891.176
1.758	7893.806
1.758	7896.669
1.759	7899.062
1.76	7899.744
1.76	7898.745
1.761	7896.438
1.761	7894.686
1.762	7893.31
1.762	7892.051
1.763	7890.832
1.763	7889.322
1.764	7887.322
1.764	7885.616
1.765	7884.156
1.765	7883.021
1.766	7882.504
1.766	7883.078
1.767	7884.886
1.767	7886.27
1.768	7888.738
1.769	7890.547
1.769	7892.38
1.77	7893.322
1.77	7892.446
1.771	7890.676
1.772	7888.748
1.772	7887.572
1.773	7886.453
1.773	7885.848
1.774	7884.435
1.774	7882.594
1.775	7879.869
1.775	7877.361
1.775	7874.732
1.776	7873.72
1.776	7874.964
1.777	7877.416
1.778	7879.563
1.778	7881.039
1.779	7882.125
1.78	7883.84
1.78	7886.171
1.781	7886.369
1.781	7883.958
1.782	7882.317
1.782	7881.414
1.783	7880.159
1.783	7879.084
1.784	7877.707
1.784	7876.776
1.785	7874.603
1.785	7872.475
1.786	7871.123
1.786	7869.61
1.787	7870.076
1.787	7871.221
1.788	7873.038
1.789	7875.257
1.789	7877.235
1.79	7879.181
1.79	7880.794
1.791	7880.886
1.792	7879.349
1.792	7876.971
1.793	7875.1
1.793	7873.626
1.794	7872.422
1.794	7871.716
1.795	7870.913
1.795	7869.132
1.796	7866.697
1.796	7864.487
1.797	7863.404
1.797	7863.851
1.798	7864.661
1.798	7866.117
1.799	7867.065
1.799	7868.785
1.8	7870.374
1.801	7872.326
1.801	7873.686
1.802	7872.415
1.802	7870.162
1.803	7868.421
1.803	7867.541
1.804	7866.796
1.804	7865.592
1.805	7864.72
1.805	7863.07
1.806	7861.295
1.806	7859.8
1.807	7858.833
1.807	7859.337
1.808	7859.637
1.809	7860.82
1.809	7861.873
1.81	7863.314
1.81	7865.955
1.811	7867.479
1.812	7868.304
1.812	7867.429
1.813	7865.671
1.813	7863.954
1.814	7862.387
1.814	7860.9
1.815	7859.497
1.815	7858.107
1.816	7856.89
1.816	7854.823
1.817	7852.721
1.817	7850.921
1.818	7850.03
1.818	7850.5
1.819	7851.765
1.819	7853.433
1.82	7854.883
1.821	7856.348
1.821	7858.703
1.822	7859.674
1.822	7859.454
1.823	7858.06
1.823	7855.717
1.824	7853.917
1.824	7852.485
1.825	7852.16
1.826	7851.355
1.826	7850.265
1.826	7848.411
1.827	7846.644
1.827	7845.682
1.828	7844.342
1.828	7844.577
1.829	7846.354
1.83	7847.794
1.83	7849.402
1.831	7851.229
1.832	7853.915
1.832	7855.855
1.833	7855.452
1.833	7853.48
1.834	7851.499
1.834	7849.14
1.835	7847.209
1.835	7846.411
1.836	7845.575
1.836	7844.241
1.837	7842.341
1.837	7839.546
1.838	7837.24
1.838	7835.634
1.839	7835.277
1.839	7835.917
1.84	7837.225
1.841	7838.439
1.841	7840.277
1.842	7842.788
1.842	7844.618
1.843	7845.159
1.844	7845.124
1.844	7843.448
1.845	7841.525
1.845	7839.947
1.846	7838.496
1.846	7837.227
1.847	7835.364
1.847	7833.336
1.848	7830.991
1.848	7829.234
1.848	7828.072
1.849	7827.251
1.85	7828.284
1.85	7829.403
1.851	7831.432
1.851	7832.974
1.852	7836.051
1.853	7838.4
1.853	7840.15
1.854	7840.206
1.854	7838.768
1.855	7836.944
1.855	7835.082
1.856	7833.295
1.857	7831.894
1.857	7830.591
1.857	7829.28
1.858	7827.223
1.858	7825.12
1.859	7822.565
1.859	7821.758
1.86	7821.982
1.861	7823.183
1.861	7824.533
1.862	7825.269
1.862	7827.238
1.863	7829.319
1.864	7830.117
1.864	7829.387
1.865	7827.88
1.865	7826.231
1.866	7824.303
1.866	7823.163
1.867	7822.057
1.867	7821.067
1.868	7819.344
1.868	7817.556
1.869	7814.93
1.869	7812.402
1.87	7811.542
1.87	7811.953
1.871	7813.172
1.871	7814.359
1.872	7815.567
1.873	7817.279
1.873	7820.013
1.874	7822.333
1.874	7822.07
1.875	7820.918
1.875	7819.261
1.876	7817.742
1.877	7817
1.877	7816.222
1.878	7815.439
1.878	7814.371
1.879	7812.307
1.879	7809.837
1.879	7807.558
1.88	7806.827
1.881	7807.106
1.881	7807.4
1.882	7808.14
1.882	7809.679
1.883	7811.429
1.884	7813.523
1.884	7813.909
1.885	7813.917
1.885	7813.166
1.886	7811.409
1.886	7809.394
1.887	7807.672
1.888	7806.971
1.888	7805.594
1.888	7804.285
1.889	7802.545
1.889	7800.606
1.89	7799.32
1.89	7797.067
1.891	7795.825
1.891	7796.745
1.892	7798.008
1.893	7799.483
1.893	7801.854
1.894	7803.681
1.894	7804.996
1.895	7805.047
1.895	7804.4
1.896	7802.133
1.896	7799.918
1.897	7798.805
1.898	7797.613
1.898	7796.729
1.899	7796.257
1.899	7795.928
1.9	7794.626
1.9	7792.608
1.9	7791.343
1.901	7790.825
1.902	7791.471
1.902	7791.885
1.903	7792.661
1.903	7794.647
1.904	7796.85
1.905	7798.752
1.905	7799.188
1.906	7798.664
1.906	7796.519
1.907	7794.366
1.907	7792.537
1.908	7790.952
1.909	7789.199
1.909	7787.788
1.91	7786.286
1.91	7785.317
1.91	7784.083
1.911	7782.514
1.911	7781.031
1.912	7780.442
1.913	7781.504
1.913	7783.548
1.914	7785.494
1.914	7786.634
1.915	7788.668
1.916	7790.446
1.916	7790.226
1.917	7787.895
1.917	7784.839
1.918	7782.136
1.918	7779.637
1.919	7778.033
1.919	7777.844
1.92	7777.509
1.92	7775.856
1.921	7773.482
1.921	7772.628
1.922	7772.087
1.922	7771.86
1.923	7772.866
1.923	7774
1.924	7775.543
1.924	7777.316
1.925	7779.627
1.926	7782.872
1.926	7784.676
1.927	7783.626
1.928	7781.051
1.928	7778.598
1.929	7776.075
1.929	7774.713
1.93	7773.386
1.93	7770.887
1.931	7768.444
1.931	7767.268
1.932	7766.04
1.932	7764.922
1.933	7763.589
1.933	7763.766
1.934	7764.984
1.934	7766.493
1.935	7768.482
1.936	7769.842
1.936	7771.243
1.937	7772.376
1.937	7772.051
1.938	7769.984
1.938	7768.292
1.939	7766.794
1.939	7765.101
1.94	7763.164
1.94	7761.635
1.941	7759.713
1.941	7757.862
1.942	7755.358
1.942	7753.626
1.943	7751.987
1.943	7752.225
1.944	7753.319
1.944	7755.074
1.945	7756.616
1.946	7758.934
1.946	7760.851
1.947	7762.488
1.947	7762.917
1.948	7762.573
1.949	7760.629
1.949	7759.404
1.95	7757.596
1.95	7756.311
1.951	7754.996
1.951	7753.365
1.952	7751.769
1.952	7749.279
1.953	7747.527
1.953	7746.44
1.954	7745.78
1.954	7746.349
1.955	7748.219
1.955	7750.743
1.956	7752.917
1.957	7754.459
1.957	7755.696
1.958	7755.033
1.958	7753.499
1.959	7751.652
1.959	7749.476
1.96	7747.946
1.961	7745.931
1.961	7744.322
1.962	7743.113
1.962	7742.121
1.962	7739.758
1.963	7737.309
1.963	7735.232
1.964	7735.177
1.965	7735.34
1.965	7736.749
1.966	7738.228
1.966	7740.15
1.967	7742.718
1.968	7744.501
1.968	7744.848
1.969	7744.625
1.969	7742.309
1.97	7740.421
1.97	7737.731
1.971	7736.244
1.971	7735.522
1.972	7734.492
1.972	7733.543
1.973	7731.559
1.973	7729.285
1.974	7727.62
1.974	7727.023
1.975	7727.836
1.975	7729.334
1.976	7730.955
1.976	7732.442
1.977	7734.531
1.978	7737.254
1.978	7738.232
1.979	7737.057
1.98	7734.919
1.98	7732.896
1.981	7729.684
1.981	7727.45
1.982	7726.568
1.982	7726.001
1.983	7724.457
1.983	7721.84
1.984	7719.632
1.984	7718.148
1.985	7717.666
1.985	7716.244
1.986	7716.55
1.986	7718.545
1.987	7720.037
1.987	7721.825
1.988	7723.522
1.989	7725.072
1.989	7724.391
1.99	7722.587
1.99	7720.293
1.991	7718.711
1.991	7716.88
1.992	7715.302
1.992	7714.955
1.993	7714.204
1.993	7712.558
1.994	7710.127
1.994	7707.494
1.995	7705.953
1.995	7706.019
1.996	7706.824
1.996	7709.313
1.997	7712.078
1.998	7713.843
1.998	7715.828
1.999	7717.427
2	7717.894
2	7716.194
2.001	7713.608
2.001	7712.515
2.002	7710.813
2.002	7708.408
2.003	7706.824
2.003	7706.235
2.004	7704.373
2.004	7701.09
2.005	7699.18
2.005	7697.676
2.006	7696.911
2.006	7697.883
2.007	7698.812
2.007	7700.483
2.008	7702.3
2.009	7703.756
2.009	7705.366
2.01	7706.315
2.01	7705.892
2.011	7703.886
2.012	7700.386
2.012	7697.489
2.013	7696.473
2.013	7694.546
2.014	7693.033
2.014	7692.397
2.014	7690.467
2.015	7688.472
2.015	7686.442
2.016	7685.265
2.016	7685.209
2.017	7686.375
2.017	7688.366
2.018	7690.369
2.019	7691.513
2.019	7693.134
2.02	7696.107
2.021	7697.116
2.021	7696.575
2.022	7694.322
2.022	7692.178
2.023	7690.716
2.023	7689.158
2.024	7687.418
2.024	7685.463
2.025	7682.532
2.025	7680.573
2.026	7678.137
2.026	7676.889
2.027	7676.6
2.027	7677.649
2.028	7678.355
2.029	7679.56
2.029	7681.098
2.03	7683.056
2.03	7684.131
2.031	7684.443
2.032	7683.816
2.032	7681.638
2.033	7679.295
2.033	7677.506
2.034	7675.166
2.034	7673.659
2.035	7672.63
2.035	7670.482
2.036	7667.722
2.036	7665.562
2.037	7664.561
2.037	7663.727
2.038	7664.09
2.038	7665.31
2.039	7666.618
2.039	7668.007
2.04	7670.317
2.041	7672.409
2.041	7673.541
2.042	7673.846
2.042	7672.503
2.043	7670.765
2.043	7668.572
2.044	7666.964
2.044	7666.14
2.045	7665.108
2.045	7663.411
2.046	7662.116
2.046	7660.495
2.047	7658.596
2.047	7657.242
2.048	7657.87
2.048	7658.799
2.049	7658.837
2.05	7660.249
2.05	7661.835
2.051	7663.752
2.052	7664.708
2.052	7664.049
2.053	7662.232
2.053	7659.333
2.054	7657.322
2.054	7655.277
2.055	7654.096
2.055	7652.978
2.056	7651.946
2.056	7649.454
2.057	7647.135
2.057	7645.669
2.058	7645.142
2.058	7644.456
2.059	7644.733
2.059	7646.037
2.06	7646.65
2.061	7647.696
2.061	7649.112
2.062	7650.732
2.062	7650.967
2.063	7649.834
2.063	7648.739
2.064	7647.06
2.064	7645.349
2.065	7644.218
2.065	7643.759
2.066	7642.475
2.066	7641.266
2.067	7638.868
2.067	7636.332
2.068	7635.23
2.068	7635.836
2.069	7636.574
2.07	7637.886
2.07	7638.437
2.071	7640.109
2.071	7642.661
2.072	7644.595
2.073	7643.985
2.073	7641.764
2.074	7639.86
2.074	7638.049
2.075	7635.812
2.075	7634.116
2.076	7632.523
2.076	7631.205
2.077	7629.595
2.077	7627.31
2.078	7625.273
2.078	7624.191
2.079	7622.945
2.079	7624
2.08	7624.907
2.081	7626.395
2.081	7628.421
2.082	7630.136
2.082	7632.422
2.083	7632.124
2.084	7631.173
2.084	7629.072
2.085	7626.743
2.085	7624.569
2.086	7622.61
2.086	7621.583
2.087	7620.386
2.087	7618.862
2.088	7617.363
2.088	7615.02
2.088	7614.032
2.089	7613.277
2.089	7613.278
2.09	7614.226
2.091	7616.263
2.091	7617.742
2.092	7619.715
2.093	7622.14
2.093	7623.879
2.094	7623.753
2.094	7622.595
2.095	7619.9
2.095	7617.083
2.096	7614.866
2.097	7613.445
2.097	7611.606
2.097	7609.806
2.098	7608.112
2.098	7605.213
2.099	7602.545
2.099	7601.476
2.1	7601.651
2.1	7602.714
2.101	7603.752
2.102	7604.99
2.102	7607.204
2.103	7609.274
2.104	7610.604
2.104	7610.726
2.105	7609.304
2.105	7606.999
2.106	7605.338
2.106	7603.869
2.107	7602.007
2.107	7600.549
2.108	7598.73
2.108	7596.581
2.109	7594.321
2.109	7593.1
2.11	7592.311
2.11	7591.623
2.111	7591.405
2.111	7592.652
2.112	7593.409
2.112	7594.987
2.113	7597.913
2.114	7599.535
2.114	7599.365
2.115	7598.491
2.115	7596.596
2.116	7594.666
2.116	7593.222
2.117	7592.26
2.118	7591.766
2.118	7590.857
2.119	7589.353
2.119	7587.446
2.119	7585.756
2.12	7583.657
2.121	7582.525
2.121	7582.154
2.122	7582.668
2.122	7583.526
2.123	7584.41
2.123	7586.611
2.124	7588.263
2.125	7588.805
2.125	7587.434
2.126	7585.871
2.126	7584.029
2.127	7581.205
2.127	7579.945
2.128	7578.055
2.128	7576.391
2.129	7575.352
2.129	7573.96
2.13	7571.531
2.13	7569.579
2.131	7568.646
2.131	7568.908
2.132	7569.93
2.132	7570.928
2.133	7572.874
2.134	7574.447
2.134	7576.128
2.135	7577.374
2.135	7576.372
2.136	7574.951
2.137	7572.65
2.137	7570.401
2.138	7567.964
2.138	7566.233
2.139	7565.99
2.139	7564.86
2.14	7562.336
2.14	7561.072
2.141	7559.333
2.141	7558.301
2.142	7558.632
2.142	7559.508
2.143	7560.293
2.143	7561.089
2.144	7563.224
2.145	7565.117
2.145	7566.57
2.146	7565.866
2.146	7564.427
2.147	7562.06
2.147	7559.461
2.148	7557.813
2.148	7556.349
2.149	7555.147
2.15	7553.383
2.15	7551.234
2.15	7549.243
2.151	7547.892
2.151	7546.905
2.152	7547.085
2.152	7547.568
2.153	7548.672
2.154	7549.999
2.154	7552.302
2.155	7553.238
2.156	7554.467
2.156	7554.711
2.157	7552.501
2.157	7549.98
2.158	7547.689
2.158	7545.606
2.159	7543.827
2.159	7542.681
2.16	7541.343
2.16	7539.846
2.161	7537.932
2.161	7536.413
2.162	7534.887
2.162	7533.812
2.163	7534.653
2.163	7536.233
2.164	7537.927
2.165	7540.202
2.165	7542.268
2.166	7544.77
2.166	7546.034
2.167	7544.426
2.168	7541.977
2.168	7538.713
2.169	7536.573
2.169	7534.678
2.17	7532.645
2.17	7531.796
2.171	7529.818
2.171	7527.222
2.172	7525.062
2.172	7523.522
2.172	7522.679
2.173	7523.618
2.174	7525.043
2.174	7526.088
2.175	7528.02
2.175	7529.605
2.176	7531.301
2.177	7531.9
2.177	7531.738
2.178	7530.368
2.178	7528.068
2.179	7524.812
2.179	7522.486
2.18	7520.745
2.18	7519.512
2.181	7518.982
2.181	7516.749
2.182	7513.928
2.182	7512.022
2.183	7511.133
2.183	7511.045
2.184	7511.746
2.184	7513.332
2.185	7515.292
2.186	7516.437
2.186	7518.285
2.187	7519.809
2.187	7520.492
2.188	7519.631
2.189	7517.364
2.189	7514.899
2.19	7513.291
2.19	7511.909
2.191	7510.594
2.191	7509.857
2.192	7508.065
2.192	7505.778
2.193	7502.684
2.193	7501.187
2.194	7501.332
2.194	7501.832
2.195	7503.229
2.195	7505.028
2.196	7506.401
2.197	7507.72
2.197	7509.265
2.198	7509.292
2.198	7507.949
2.199	7505.083
2.199	7502.6
2.2	7500.805
2.201	7499.578
2.201	7498.884
2.202	7497.115
2.202	7495.044
2.202	7492.481
2.203	7489.483
2.203	7487.232
2.204	7486.029
2.204	7486.039
2.205	7486.459
2.206	7487.98
2.206	7490.133
2.207	7492.062
2.207	7493.969
2.208	7495.006
2.209	7494.362
2.209	7492.035
2.21	7489.934
2.21	7488.751
2.211	7487.521
2.211	7486.634
2.212	7485.865
2.212	7484.578
2.213	7482.586
2.213	7480.105
2.214	7477.774
2.214	7476.61
2.215	7476.106
2.215	7477.153
2.216	7478.514
2.217	7480.104
2.217	7481.575
2.218	7483.131
2.218	7483.987
2.219	7483.965
2.22	7481.82
2.22	7479.121
2.221	7476.929
2.221	7475.732
2.222	7473.757
2.222	7472.019
2.223	7470.378
2.223	7468.278
2.224	7465.923
2.224	7464.022
2.225	7462.631
2.225	7462.434
2.226	7462.907
2.226	7463.992
2.227	7465.85
2.227	7467.705
2.228	7469.433
2.229	7470.79
2.229	7471.416
2.23	7470.486
2.23	7467.788
2.231	7465.263
2.231	7463.59
2.232	7461.982
2.232	7460.569
2.233	7459.341
2.233	7458.127
2.234	7456.898
2.234	7454.931
2.235	7453.241
2.235	7452.566
2.236	7453.058
2.236	7453.923
2.237	7454.974
2.238	7456.721
2.238	7457.85
2.239	7459.067
2.24	7459.633
2.24	7460.204
2.241	7458.689
2.241	7455.874
2.242	7453.66
2.242	7451.222
2.243	7449.576
2.243	7448.048
2.244	7446.128
2.244	7443.122
2.245	7440.766
2.245	7439.344
2.246	7437.852
2.246	7438.082
2.247	7439.42
2.247	7440.702
2.248	7441.545
2.249	7443.293
2.249	7445.729
2.25	7447.133
2.25	7447.165
2.251	7445.823
2.251	7443.354
2.252	7440.246
2.252	7438.778
2.253	7437.208
2.253	7436.294
2.254	7434.833
2.254	7432.505
2.255	7430.599
2.255	7429.144
2.256	7427.366
2.256	7427.109
2.257	7427.146
2.257	7428.508
2.258	7429.352
2.259	7430.761
2.259	7432.904
2.26	7434.79
2.261	7435.763
2.261	7435.947
2.262	7433.567
2.262	7431.069
2.263	7429.114
2.263	7427.278
2.264	7425.925
2.264	7424.664
2.265	7422.666
2.265	7419.57
2.266	7417.298
2.266	7415.77
2.267	7415.526
2.267	7415.583
2.268	7415.951
2.268	7417.309
2.269	7418.043
2.27	7419.123
2.27	7421.222
2.271	7422.159
2.272	7421.632
2.272	7419.227
2.273	7416.537
2.273	7415.201
2.274	7413.758
2.274	7412.444
2.275	7410.613
2.275	7409.135
2.276	7407.37
2.276	7404.986
2.277	7402.95
2.277	7402.412
2.278	7402.233
2.278	7402.212
2.279	7403.435
2.279	7405.129
2.28	7406.731
2.28	7408.627
2.281	7409.613
2.282	7409.659
2.282	7408.746
2.283	7407.201
2.283	7406.193
2.284	7405.068
2.284	7403.781
2.285	7402.722
2.285	7400.408
2.286	7397.624
2.286	7395.247
2.287	7392.43
2.287	7390.991
2.288	7390.108
2.288	7392.17
2.289	7393.155
2.29	7393.622
2.29	7394.826
2.291	7396.338
2.292	7397.593
2.292	7397.512
2.293	7395.62
2.293	7393.621
2.294	7391.653
2.294	7390.22
2.295	7389.299
2.295	7387.832
2.296	7386.011
2.296	7384.565
2.297	7382.316
2.297	7380.177
2.298	7378.819
2.298	7378.959
2.299	7378.934
2.299	7380.036
2.3	7381.087
2.3	7382.318
2.301	7383.524
2.302	7384.726
2.302	7384.441
2.303	7383.006
2.303	7381.451
2.304	7379.121
2.304	7377.019
2.305	7375.744
2.305	7373.672
2.306	7372.262
2.307	7371.073
2.307	7369.016
2.307	7367.002
2.308	7366.252
2.308	7365.649
2.309	7366.019
2.31	7367.418
2.31	7368.92
2.311	7370.059
2.311	7371.458
2.312	7372.631
2.313	7372.811
2.313	7371.727
2.314	7368.936
2.314	7366.291
2.315	7363.914
2.315	7361.859
2.316	7361.107
2.316	7360.13
2.317	7358.759
2.317	7357.008
2.318	7354.823
2.318	7353.255
2.319	7352.177
2.319	7352.346
2.32	7353.64
2.32	7355.251
2.321	7357.022
2.322	7358.729
2.322	7361.111
2.323	7361.573
2.323	7359.509
2.324	7356.978
2.325	7354.55
2.325	7352.77
2.326	7351.195
2.326	7349.234
2.327	7347.55
2.327	7346.465
2.328	7344.396
2.328	7343.084
2.328	7341.148
2.329	7340.083
2.329	7340.009
2.33	7340.753
2.331	7341.802
2.331	7343.465
2.332	7346.257
2.333	7347.992
2.333	7348.597
2.334	7348.621
2.334	7346.834
2.335	7344.339
2.335	7342.245
2.336	7340.058
2.336	7338.088
2.337	7337.003
2.337	7335.242
2.338	7333.637
2.338	7331.437
2.339	7329.593
2.339	7327.406
2.34	7327.391
2.34	7327.983
2.341	7328.971
2.342	7329.678
2.342	7331.407
2.343	7333.354
2.343	7335.378
2.344	7336.083
2.345	7333.941
2.345	7331.266
2.346	7329.448
2.346	7327.419
2.347	7325.216
2.347	7323.663
2.348	7322.263
2.348	7320.921
2.349	7318.597
2.349	7315.934
2.35	7315.087
2.35	7314.189
2.351	7314.496
2.351	7315.306
2.352	7317.03
2.352	7318.333
2.353	7319.292
2.354	7321.083
2.354	7321.967
2.355	7320.892
2.355	7319.643
2.356	7318.499
2.356	7316.32
2.357	7314.151
2.358	7312.619
2.358	7311.712
2.359	7309.403
2.359	7307.24
2.359	7305.936
2.36	7303.72
2.36	7302.317
2.361	7302.85
2.362	7304.161
2.362	7305.067
2.363	7305.487
2.363	7306.766
2.364	7307.749
2.365	7308.615
2.365	7308.629
2.366	7307.031
2.366	7304.35
2.367	7302.31
2.367	7300.083
2.368	7298.648
2.368	7297.017
2.369	7295.435
2.369	7293.238
2.37	7291.126
2.37	7290.166
2.371	7288.62
2.371	7288.193
2.372	7288.664
2.372	7289.166
2.373	7290.586
2.374	7292.798
2.374	7294.413
2.375	7295.244
2.375	7295.242
2.376	7294.422
2.376	7291.911
2.377	7289.344
2.378	7287.091
2.378	7286.342
2.379	7285.522
2.379	7284.703
2.38	7283.19
2.38	7282.022
2.381	7280.055
2.381	7277.57
2.382	7276.667
2.382	7277.728
2.383	7278.647
2.383	7279.442
2.384	7280.598
2.385	7282.454
2.385	7283.461
2.386	7284.304
2.386	7282.888
2.387	7279.844
2.387	7276.9
2.388	7274.938
2.388	7272.506
2.389	7270.404
2.389	7269.373
2.39	7268.158
2.39	7266.102
2.391	7264.91
2.391	7262.634
2.392	7261.888
2.392	7262.394
2.393	7263.694
2.394	7265.672
2.394	7267.615
2.395	7269.098
2.395	7269.792
2.396	7270.076
2.397	7269.723
2.397	7267.031
2.398	7264.402
2.398	7261.895
2.399	7259.356
2.399	7258.357
2.4	7257.395
2.4	7256.034
2.401	7254.313
2.401	7252.525
2.402	7251.034
2.402	7250.103
2.403	7250.525
2.403	7251.662
2.404	7253.46
2.404	7255.764
2.405	7257.437
2.406	7258.327
2.406	7258.22
2.407	7257.318
2.407	7255.199
2.408	7252.56
2.409	7249.806
2.409	7247.54
2.41	7246.061
2.41	7244.704
2.411	7242.408
2.411	7239.888
2.411	7237.509
2.412	7236.111
2.412	7235.177
2.413	7235.007
2.414	7235.33
2.414	7236.899
2.415	7239.235
2.415	7241.187
2.416	7243.233
2.417	7244.467
2.417	7243.734
2.418	7241.795
2.418	7238.997
2.419	7236.029
2.419	7234.118
2.42	7231.789
2.42	7230.559
2.421	7229.272
2.421	7227.555
2.422	7225.539
2.422	7223.295
2.423	7222.132
2.423	7222.121
2.424	7222.255
2.424	7223.915
2.425	7226.273
2.426	7228.172
2.426	7229.952
2.427	7231.804
2.427	7231.908
2.428	7230.791
2.429	7228.449
2.429	7225.92
2.43	7223.721
2.43	7221.788
2.431	7220.468
2.431	7218.541
2.432	7216.75
2.432	7214.144
2.433	7211.82
2.433	7209.992
2.434	7208.886
2.434	7209.2
2.435	7210.902
2.435	7212.301
2.436	7213.377
2.437	7215.309
2.437	7216.677
2.438	7217.19
2.438	7216.233
2.439	7213.954
2.439	7211.684
2.44	7209.327
2.44	7207.825
2.441	7206.067
2.442	7204.63
2.442	7202.822
2.442	7200.865
2.443	7198.103
2.443	7195.556
2.444	7194.183
2.444	7194.376
2.445	7195.589
2.445	7197.234
2.446	7198.072
2.447	7199.79
2.447	7201.969
2.448	7203.974
2.449	7204.542
2.449	7202.949
2.45	7200.34
2.45	7197.689
2.451	7195.918
2.451	7194.221
2.452	7193.091
2.452	7192.536
2.453	7190.574
2.453	7188.142
2.454	7185.205
2.454	7183.775
2.455	7183.963
2.455	7184.677
2.456	7184.963
2.456	7185.583
2.457	7186.324
2.458	7188.233
2.458	7190.001
2.459	7190.068
2.459	7188.264
2.46	7185.9
2.461	7183.058
2.461	7180.624
2.462	7179.357
2.462	7177.486
2.463	7175.768
2.463	7174.472
2.464	7172.143
2.464	7169.526
2.464	7168.501
2.465	7167.885
2.466	7168.908
2.466	7170.354
2.467	7171.392
2.467	7172.891
2.468	7174.597
2.469	7175.614
2.469	7175.233
2.47	7174.08
2.47	7172.23
2.471	7170.294
2.471	7168.096
2.472	7166.229
2.472	7164.421
2.473	7163.419
2.473	7162.312
2.474	7160.935
2.474	7159.101
2.475	7157.896
2.475	7157.275
2.476	7157.689
2.476	7157.88
2.477	7158.404
2.478	7159.889
2.478	7161.418
2.479	7162.401
2.479	7163.427
2.48	7162.608
2.481	7160.32
2.481	7157.69
2.482	7155.136
2.482	7152.975
2.483	7150.678
2.483	7149.197
2.484	7148.009
2.484	7146.078
2.485	7144.25
2.485	7142.693
2.486	7141.386
2.486	7140.9
2.487	7142.304
2.487	7143.999
2.488	7144.42
2.489	7145.853
2.489	7146.838
2.49	7148.087
2.49	7148.315
2.491	7146.695
2.491	7143.846
2.492	7140.974
2.492	7139.048
2.493	7137.247
2.493	7135.277
2.494	7134.321
2.494	7133.036
2.495	7130.661
2.495	7128.455
2.496	7127.43
2.496	7127.247
2.497	7128.172
2.497	7128.543
2.498	7129.852
2.499	7132.07
2.499	7133.875
2.5	7135.02
2.501	7135.397
2.501	7135.092
2.502	7133.218
2.502	7130.521
2.503	7128.519
2.503	7126.412
2.504	7124.8
2.504	7123.164
2.505	7120.716
2.505	7117.569
2.506	7114.946
2.506	7112.951
2.507	7112.778
2.507	7113.132
2.508	7114.532
2.508	7116.55
2.509	7118.092
2.51	7119.488
2.51	7121.004
2.511	7122.037
2.511	7121.082
2.512	7118.774
2.513	7115.916
2.513	7114.236
2.514	7112.157
2.514	7110.389
2.515	7109.192
2.515	7106.754
2.516	7104.269
2.516	7101.968
2.516	7099.988
2.517	7099.761
2.517	7099.227
2.518	7099.376
2.519	7099.948
2.519	7101.193
2.52	7103.868
2.52	7105.805
2.521	7107.341
2.522	7107.239
2.522	7106.07
2.523	7103.895
2.523	7101.077
2.524	7099.54
2.524	7097.994
2.525	7097.029
2.525	7095.129
2.526	7092.782
2.526	7090.164
2.527	7087.999
2.527	7086.457
2.528	7085.951
2.528	7086.206
2.529	7087.249
2.53	7088.462
2.53	7089.744
2.531	7091.138
2.532	7092.042
2.532	7091.673
2.533	7089.589
2.533	7087.548
2.534	7085.724
2.534	7084.003
2.535	7083.007
2.535	7081.542
2.536	7080.133
2.536	7078.825
2.537	7076.408
2.537	7074.321
2.538	7072.641
2.538	7071.798
2.539	7072.366
2.539	7073.036
2.54	7073.811
2.54	7076.219
2.541	7077.013
2.542	7077.89
2.542	7078.053
2.543	7077.245
2.543	7075.415
2.544	7072.602
2.544	7070.432
2.545	7069.377
2.545	7068.058
2.546	7067.32
2.547	7066.193
2.547	7064.76
2.547	7062.763
2.548	7061.055
2.548	7060.239
2.549	7060.673
2.55	7060.995
2.55	7062.193
2.551	7062.833
2.551	7064.481
2.552	7065.767
2.553	7065.8
2.553	7064.453
2.554	7061.771
2.554	7059.228
2.555	7056.985
2.555	7055.424
2.556	7054.071
2.556	7053.164
2.557	7051.487
2.557	7050.175
2.558	7048.507
2.558	7045.972
2.559	7044.227
2.559	7044.24
2.56	7044.767
2.56	7045.52
2.561	7046.641
2.562	7048.248
2.562	7050.296
2.563	7051.45
2.563	7050.319
2.564	7047.817
2.565	7045.055
2.565	7043.537
2.566	7040.775
2.566	7038.902
2.567	7037.331
2.567	7035.915
2.567	7034.727
2.568	7033.085
2.568	7031.528
2.569	7030.123
2.569	7029.289
2.57	7030.257
2.571	7032.019
2.571	7033.373
2.572	7035.058
2.572	7036.492
2.573	7037.967
2.574	7038.223
2.574	7036.45
2.575	7033.967
2.575	7032.016
2.576	7029.953
2.576	7027.019
2.577	7024.882
2.577	7023.358
2.578	7021.177
2.578	7019.333
2.579	7016.589
2.579	7015.929
2.58	7015.391
2.58	7015.441
2.581	7015.989
2.582	7017.352
2.582	7019.245
2.583	7020.106
2.583	7020.988
2.584	7022.001
2.585	7021.754
2.585	7019.296
2.586	7017.032
2.586	7014.422
2.587	7011.573
2.587	7009.791
2.588	7008.176
2.588	7006.634
2.589	7005.173
2.589	7003.423
2.59	7002.089
2.59	7001.578
2.591	7001.475
2.591	7001.679
2.592	7002.867
2.592	7003.979
2.593	7005.539
2.594	7007.757
2.594	7009.023
2.595	7009.367
2.595	7008.103
2.596	7005.913
2.596	7002.648
2.597	6999.343
2.598	6998.195
2.598	6997.367
2.599	6995.394
2.599	6993.635
2.599	6991.7
2.6	6989.477
2.6	6988.148
2.601	6987.313
2.602	6987.693
2.602	6989.02
2.603	6990.258
2.603	6991.653
2.604	6993.212
2.605	6994.774
2.605	6994.163
2.606	6992.129
2.606	6990.18
2.607	6987.977
2.607	6985.797
2.608	6983.067
2.608	6981.241
2.609	6980.037
2.609	6978.406
2.61	6976.074
2.61	6974.5
2.611	6972.387
2.611	6971.216
2.612	6972.082
2.612	6973.341
2.613	6974.834
2.613	6976.805
2.614	6977.904
2.615	6978.916
2.615	6979.303
2.616	6977.923
2.616	6976.047
2.617	6973.743
2.618	6972.028
2.618	6970.589
2.619	6969.129
2.619	6967.963
2.62	6967.34
2.62	6964.901
2.621	6962.007
2.621	6959.995
2.622	6958.566
2.622	6959.34
2.623	6960.421
2.623	6961.665
2.624	6962.517
2.625	6963.925
2.625	6965.437
2.626	6965.687
2.626	6964.758
2.627	6962.295
2.627	6959.036
2.628	6955.762
2.628	6953.435
2.629	6952.055
2.629	6950.923
2.63	6949.254
2.63	6947.184
2.631	6944.634
2.631	6942.91
2.632	6942.319
2.632	6942.761
2.633	6943.033
2.633	6944.783
2.634	6945.977
2.635	6947.637
2.635	6949.396
2.636	6950.724
2.636	6949.97
2.637	6947.852
2.638	6945.577
2.638	6942.707
2.639	6940.918
2.639	6939.576
2.64	6938.322
2.64	6936.986
2.641	6935.487
2.641	6933.44
2.642	6930.588
2.642	6929.33
2.643	6928.817
2.643	6929.589
2.644	6931.579
2.644	6933.526
2.645	6935.262
2.646	6936.238
2.646	6937.141
2.647	6936.629
2.647	6934.283
2.648	6932.644
2.648	6929.564
2.649	6927.174
2.65	6925.409
2.65	6924.937
2.651	6923.869
2.651	6921.243
2.652	6918.279
2.652	6916.043
2.652	6914.054
2.653	6913.133
2.654	6913.955
2.654	6915.185
2.655	6916.928
2.655	6918.228
2.656	6919.726
2.657	6920.531
2.657	6920.878
2.658	6919.79
2.658	6916.613
2.659	6914.469
2.659	6912.733
2.66	6910.708
2.66	6908.873
2.661	6907.502
2.661	6906.301
2.662	6904.52
2.662	6902.078
2.663	6900.209
2.663	6899.136
2.664	6898.924
2.664	6900.402
2.665	6901.821
2.665	6903.343
2.666	6904.482
2.667	6906.845
2.667	6908.111
2.668	6907.765
2.669	6905.493
2.669	6902.411
2.67	6899.529
2.67	6897.448
2.671	6895.279
2.671	6893.883
2.672	6892.352
2.672	6890.522
2.673	6888.005
2.673	6885.68
2.674	6884.291
2.674	6884.034
2.675	6885.65
2.675	6886.975
2.676	6887.926
2.676	6888.95
2.677	6889.915
2.678	6890.977
2.678	6891.377
2.679	6890.238
2.679	6887.82
2.68	6885.486
2.68	6883.748
2.681	6882.633
2.682	6880.476
2.682	6878.707
2.682	6876.055
2.683	6873.554
2.683	6871.003
2.684	6869.495
2.684	6869.398
2.685	6870.132
2.685	6870.92
2.686	6871.942
2.687	6873.354
2.687	6875.302
2.688	6876.705
2.689	6877.088
2.689	6876.203
2.69	6874.157
2.69	6872.399
2.691	6869.576
2.691	6868.069
2.692	6866.844
2.692	6864.997
2.693	6862.487
2.693	6859.981
2.694	6857.183
2.694	6855.562
2.695	6855.194
2.695	6854.992
2.696	6855.668
2.696	6856.361
2.697	6857.495
2.698	6859.032
2.698	6860.237
2.699	6861.102
2.699	6861.222
2.7	6860.022
2.701	6856.857
2.701	6853.932
2.702	6852.042
2.702	6850.929
2.703	6849.944
2.703	6848.535
2.704	6846.296
2.704	6843.979
2.704	6843.029
2.705	6841.678
2.705	6841.047
2.706	6841.749
2.707	6842.363
2.707	6843.361
2.708	6844.185
2.708	6845.463
2.709	6846.768
2.71	6846.839
2.71	6844.643
2.711	6842.549
2.711	6840.414
2.712	6838.674
2.712	6836.893
2.713	6835.764
2.713	6835.02
2.714	6832.654
2.714	6830.721
2.715	6828.645
2.715	6827.195
2.716	6827.136
2.716	6827.135
2.717	6827.917
2.718	6828.245
2.718	6829.177
2.719	6830.805
2.719	6831.9
2.72	6832.426
2.72	6831.084
2.721	6829.478
2.722	6827.205
2.722	6824.749
2.723	6822.858
2.723	6821.37
2.724	6819.888
2.724	6818.197
2.725	6815.29
2.725	6812.845
2.726	6810.8
2.726	6809.97
2.727	6810.638
2.727	6811.006
2.728	6812.358
2.728	6813.947
2.729	6815.41
2.73	6816.921
2.73	6817.232
2.731	6815.577
2.731	6812.821
2.732	6810.065
2.732	6808.115
2.733	6806.475
2.733	6805.381
2.734	6804.3
2.734	6802.767
2.735	6801.148
2.735	6798.687
2.736	6796.272
2.736	6794.914
2.737	6794.953
2.737	6795.499
2.738	6796.457
2.739	6798.23
2.739	6800.474
2.74	6802.099
2.741	6802.907
2.741	6801.693
2.742	6799.719
2.742	6797.262
2.743	6794.787
2.743	6793.418
2.744	6791.515
2.744	6790.101
2.745	6787.96
2.745	6785.551
2.746	6783.628
2.746	6780.938
2.747	6779.376
2.747	6779.125
2.748	6779.808
2.748	6781.452
2.749	6782.74
2.75	6783.925
2.75	6785.19
2.751	6786.437
2.751	6785.872
2.752	6784.277
2.752	6782.035
2.753	6779.945
2.754	6777.046
2.754	6775.416
2.755	6774.239
2.755	6772.557
2.756	6770.249
2.756	6767.649
2.756	6765.46
2.757	6764.056
2.757	6763.52
2.758	6764.161
2.759	6765.863
2.759	6767.16
2.76	6768.415
2.76	6770.253
2.761	6770.993
2.762	6771.476
2.762	6769.992
2.763	6767.96
2.763	6765.798
2.764	6762.751
2.764	6760.309
2.765	6759.552
2.765	6758.305
2.766	6756.17
2.766	6754.097
2.767	6751.808
2.767	6750.211
2.768	6749.042
2.768	6749.33
2.769	6750.137
2.77	6751.666
2.77	6752.586
2.771	6753.878
2.771	6755.199
2.772	6755.183
2.773	6753.934
2.773	6751.721
2.774	6749.047
2.774	6746.72
2.775	6744.893
2.775	6743.698
2.776	6742.823
2.776	6741.243
2.777	6739.561
2.777	6738.355
2.778	6736.602
2.778	6734.797
2.779	6733.895
2.779	6734.594
2.78	6735.21
2.78	6736.576
2.781	6738.095
2.782	6739.449
2.782	6740.515
2.783	6739.933
2.783	6738.133
2.784	6735.934
2.784	6733.854
2.785	6731.592
2.785	6730.134
2.786	6729.233
2.786	6727.842
2.787	6725.863
2.787	6723.813
2.788	6722.416
2.788	6720.529
2.789	6719.833
2.789	6720.458
2.79	6721.527
2.791	6722.186
2.791	6723.213
2.792	6724.114
2.793	6725.297
2.793	6724.988
2.794	6723.213
2.794	6720.795
2.795	6718.169
2.795	6715.051
2.796	6712.785
2.796	6711.67
2.797	6710.434
2.797	6708.958
2.798	6706.664
2.798	6705.115
2.799	6704.331
2.799	6704.177
2.8	6704.354
2.8	6705.032
2.801	6706.103
2.802	6707.181
2.802	6708.433
2.803	6708.752
2.803	6709.499
2.804	6708.298
2.804	6705.332
2.805	6702.525
2.805	6700.667
2.806	6699.504
2.807	6697.901
2.807	6696.207
2.808	6694.863
2.808	6693.51
2.808	6692.067
2.809	6690.77
2.809	6689.678
2.81	6688.661
2.811	6689.081
2.811	6690.254
2.812	6691.814
2.812	6693.521
2.813	6694.508
2.814	6695.289
2.814	6694.846
2.815	6692.608
2.815	6689.341
2.816	6686.751
2.816	6684.175
2.817	6682.057
2.817	6680.591
2.818	6679.409
2.818	6677.254
2.819	6675.078
2.819	6673.209
2.82	6671.466
2.82	6671.14
2.821	6672.439
2.821	6674.032
2.822	6674.956
2.823	6676.464
2.823	6677.932
2.824	6678.468
2.825	6678.592
2.825	6676.387
2.826	6673.583
2.826	6670.897
2.827	6668.358
2.827	6666.371
2.828	6665.174
2.828	6663.855
2.829	6662.221
2.829	6660.249
2.829	6658.343
2.83	6656.879
2.831	6656.904
2.831	6657.488
2.832	6658.47
2.832	6659.874
2.833	6661.463
2.834	6662.682
2.834	6663.691
2.835	6663.632
2.835	6661.83
2.836	6658.955
2.836	6656.128
2.837	6653.937
2.838	6651.753
2.838	6649.718
2.839	6647.999
2.839	6645.884
2.839	6643.917
2.84	6641.688
2.84	6640.175
2.841	6639.917
2.841	6639.991
2.842	6641.122
2.843	6642.65
2.843	6644.93
2.844	6646.304
2.845	6647.1
2.845	6647.778
2.846	6646.554
2.846	6644.138
2.847	6641.16
2.847	6638.119
2.848	6635.614
2.848	6634.351
2.849	6633.124
2.849	6631.436
2.85	6629.783
2.85	6627.2
2.851	6625.604
2.851	6624.975
2.852	6624.765
2.852	6625.54
2.853	6626.687
2.853	6627.879
2.854	6629.333
2.855	6630.728
2.855	6631.89
2.856	6631.269
2.856	6629.009
2.857	6626.534
2.858	6624.186
2.858	6622.481
2.859	6620.384
2.859	6618.797
2.86	6617.312
2.86	6614.854
2.861	6612.252
2.861	6610.105
2.861	6608.864
2.862	6609.129
2.863	6609.519
2.863	6610.532
2.864	6612.158
2.864	6614.173
2.865	6615.342
2.866	6615.323
2.866	6614.817
2.867	6613.257
2.867	6610.854
2.868	6608.117
2.868	6605.65
2.869	6604.64
2.869	6603.942
2.87	6602.439
2.87	6600.087
2.871	6597.375
2.871	6595.205
2.872	6593.669
2.872	6593.25
2.873	6593.666
2.873	6595.109
2.874	6596.27
2.875	6597.124
2.875	6598.077
2.876	6599.474
2.876	6600.368
2.877	6599.283
2.878	6596.684
2.878	6594.178
2.879	6591.85
2.879	6590.245
2.88	6588.496
2.88	6587.141
2.881	6585.388
2.881	6583.142
2.882	6580.537
2.882	6578.694
2.883	6577.713
2.883	6577.426
2.884	6578.291
2.884	6579.833
2.885	6581.303
2.886	6582.524
2.886	6583.997
2.887	6584.649
2.887	6584.05
2.888	6581.853
2.888	6578.857
2.889	6575.741
2.889	6573.543
2.89	6571.843
2.891	6570.644
2.891	6569.708
2.891	6566.872
2.892	6564.805
2.892	6563.014
2.893	6562.172
2.893	6562.089
2.894	6562.429
2.895	6562.843
2.895	6563.912
2.896	6565.705
2.896	6567.341
2.897	6568.116
2.898	6568.314
2.898	6566.831
2.899	6564.234
2.899	6561.448
2.9	6558.934
2.9	6557.337
2.901	6555.301
2.901	6553.86
2.902	6551.093
2.902	6548.938
2.903	6547
2.903	6545.512
2.904	6545.862
2.904	6546.027
2.905	6547.066
2.905	6548.095
2.906	6549.628
2.907	6551.528
2.907	6553.031
2.908	6553.112
2.908	6551.681
2.909	6548.633
2.91	6546.306
2.91	6544.01
2.911	6541.723
2.911	6540.469
2.912	6538.514
2.912	6536.278
2.913	6534.069
2.913	6531.924
2.913	6530.313
2.914	6529.681
2.915	6529.685
2.915	6530.747
2.916	6532.073
2.916	6532.971
2.917	6534.446
2.918	6535.437
2.918	6535.664
2.919	6535.312
2.919	6533.541
2.92	6530.608
2.92	6527.999
2.921	6526.062
2.921	6524.431
2.922	6523.101
2.922	6520.916
2.923	6518.644
2.923	6516.5
2.924	6514.836
2.924	6513.734
2.925	6514.24
2.925	6514.994
2.926	6515.644
2.927	6516.167
2.927	6517.688
2.928	6518.782
2.929	6519.518
2.929	6518.826
2.93	6517.207
2.93	6514.868
2.931	6512.416
2.931	6510.001
2.932	6508.577
2.932	6507.343
2.933	6505.354
2.933	6503.745
2.934	6501.435
2.934	6499.355
2.935	6498.094
2.935	6497.946
2.936	6498.393
2.936	6498.676
2.937	6499.595
2.938	6500.674
2.938	6501.711
2.939	6502.529
2.939	6502.511
2.94	6500.762
2.94	6498.625
2.941	6496.406
2.941	6494.522
2.942	6493.068
2.943	6490.869
2.943	6489.046
2.943	6487.302
2.944	6485.431
2.944	6483.253
2.945	6481.771
2.945	6481.147
2.946	6482.07
2.947	6483.483
2.947	6484.561
2.948	6485.763
2.948	6487.228
2.949	6487.907
2.95	6486.859
2.95	6484.727
2.951	6482.57
2.951	6480.615
2.952	6478.774
2.952	6477.088
2.953	6475.675
2.953	6474.345
2.954	6472.374
2.954	6470.015
2.955	6468.185
2.955	6466.906
2.956	6466.033
2.956	6465.906
2.957	6467.034
2.957	6467.589
2.958	6468.639
2.959	6469.991
2.959	6471.349
2.96	6470.891
2.96	6469.019
2.961	6466.338
2.962	6464.002
2.962	6461.436
2.963	6459.318
2.963	6458.4
2.964	6457.312
2.964	6456.124
2.965	6453.763
2.965	6450.894
2.966	6449.042
2.966	6448.528
2.967	6448.659
2.967	6449.171
2.968	6450.265
2.968	6451.165
2.969	6452.798
2.97	6453.972
2.97	6453.957
2.971	6452.486
2.971	6449.85
2.972	6446.816
2.972	6444.797
2.973	6443.456
2.973	6441.916
2.974	6440.535
2.974	6439.415
2.975	6437.415
2.975	6435.381
2.976	6433.724
2.976	6432.466
2.977	6432.63
2.977	6432.888
2.978	6434.434
2.979	6435.685
2.979	6437.12
2.98	6438.415
2.981	6438.809
2.981	6437.148
2.982	6435.116
2.982	6432.453
2.983	6429.13
2.983	6426.798
2.984	6425.046
2.984	6423.543
2.985	6422.133
2.985	6420.219
2.986	6418.188
2.986	6416.272
2.987	6414.713
2.987	6414.204
2.988	6415.01
2.988	6415.708
2.989	6417.015
2.99	6418.419
2.99	6419.755
2.991	6420.362
2.991	6419.979
2.992	6417.917
2.992	6415.054
2.993	6412.534
2.993	6410.083
2.994	6408.978
2.995	6407.425
2.995	6405.99
2.995	6404.639
2.996	6402.696
2.996	6400.586
2.997	6399.262
2.997	6398.547
2.998	6398.616
2.998	6398.832
2.999	6399.937
3	6402.053
3	6403.192
3.001	6404.759
3.002	6405.468
3.002	6403.97
3.003	6401.689
3.003	6398.776
3.004	6396.465
3.004	6393.915
3.005	6391.859
3.005	6390.236
3.006	6388.873
3.006	6386.682
3.007	6383.816
3.007	6382.118
3.008	6381.288
3.008	6381.385
3.009	6382.448
3.009	6382.932
3.01	6384.211
3.011	6386.032
3.011	6387.013
3.012	6386.896
3.013	6385.972
3.013	6383.554
3.014	6381.089
3.014	6378.584
3.015	6376.591
3.015	6374.592
3.016	6373.536
3.016	6371.978
3.017	6369.763
3.017	6367.227
3.017	6365.762
3.018	6364.949
3.018	6364.286
3.019	6364.646
3.02	6365.373
3.02	6366.163
3.021	6367.492
3.021	6369.004
3.022	6370.089
3.023	6370.305
3.023	6368.812
3.024	6366.322
3.024	6364.024
3.025	6361.422
3.025	6359.825
3.026	6357.966
3.026	6356.607
3.027	6355.04
3.027	6352.502
3.028	6350.767
3.028	6349.215
3.029	6348.221
3.029	6348.414
3.03	6349.042
3.031	6350.005
3.031	6351.595
3.032	6352.726
3.033	6353.274
3.033	6353.127
3.034	6352.014
3.034	6349.373
3.035	6346.336
3.035	6344.171
3.036	6341.833
3.036	6339.907
3.037	6338.777
3.037	6337.186
3.038	6335.246
3.038	6333.159
3.039	6331.539
3.039	6330.961
3.04	6331.143
3.04	6332.393
3.041	6333.431
3.041	6334.877
3.042	6336.513
3.043	6337.27
3.043	6337
3.044	6335.494
3.044	6332.95
3.045	6330.383
3.045	6327.934
3.046	6326.119
3.046	6324.368
3.047	6323.077
3.047	6321.946
3.048	6320.47
3.048	6318.42
3.049	6317.2
3.049	6315.95
3.05	6316.304
3.051	6316.702
3.051	6318.134
3.052	6319.223
3.052	6320.445
3.053	6321.081
3.054	6320.804
3.054	6319.034
3.055	6316.469
3.055	6313.569
3.056	6310.828
3.056	6308.528
3.057	6306.9
3.057	6305.705
3.058	6303.734
3.058	6301.539
3.059	6299.32
3.059	6297.517
3.06	6296.348
3.06	6296.591
3.061	6298.381
3.061	6299.761
3.062	6300.872
3.063	6302.26
3.063	6303.65
3.064	6304.51
3.065	6303.158
3.065	6300.644
3.066	6297.423
3.066	6294.34
3.067	6292.521
3.067	6290.374
3.068	6289.014
3.068	6287.534
3.069	6285.537
3.069	6282.971
3.069	6280.792
3.07	6279.412
3.07	6279.604
3.071	6280.072
3.072	6281.615
3.072	6283.482
3.073	6285.504
3.074	6286.885
3.074	6287.409
3.075	6287.282
3.075	6284.651
3.076	6281.578
3.076	6278.997
3.077	6276.402
3.077	6274.512
3.078	6272.992
3.078	6271.607
3.079	6269.215
3.079	6266.833
3.08	6264.65
3.08	6262.981
3.081	6261.808
3.081	6262.587
3.082	6263.94
3.083	6265.37
3.083	6266.978
3.084	6268.212
3.084	6268.718
3.085	6268.862
3.086	6267.342
3.086	6264.699
3.087	6261.95
3.087	6259.664
3.088	6258.249
3.088	6256.841
3.089	6254.859
3.089	6252.724
3.09	6250.417
3.09	6247.699
3.091	6245.736
3.091	6244.959
3.092	6244.866
3.092	6245.926
3.093	6246.856
3.093	6247.594
3.094	6248.787
3.095	6250.179
3.095	6250.725
3.096	6250.657
3.096	6248.813
3.097	6246.196
3.097	6243.971
3.098	6241.98
3.099	6240.657
3.099	6239.409
3.1	6237.715
3.1	6235.733
3.1	6233.001
3.101	6230.49
3.101	6229.01
3.102	6228.452
3.103	6228.661
3.103	6229.534
3.104	6230.737
3.104	6232.031
3.105	6233.324
3.106	6234.296
3.106	6234.271
3.107	6231.931
3.107	6229.046
3.108	6226.35
3.108	6223.728
3.109	6221.358
3.109	6220.412
3.11	6219.056
3.11	6217.219
3.111	6215.39
3.111	6213.108
3.112	6211.437
3.112	6210.531
3.113	6211.078
3.113	6211.726
3.114	6212.13
3.115	6213.008
3.115	6214.396
3.116	6215.324
3.116	6215.894
3.117	6214.904
3.118	6212.539
3.118	6210.117
3.119	6207.825
3.119	6205.914
3.12	6205.053
3.12	6203.895
3.121	6201.897
3.121	6199.513
3.122	6197.072
3.122	6195.587
3.123	6194.853
3.123	6194.671
3.124	6195.136
3.124	6195.542
3.125	6196.526
3.126	6197.95
3.126	6198.726
3.127	6198.985
3.127	6197.955
3.128	6195.855
3.128	6193.106
3.129	6190.35
3.129	6187.917
3.13	6186.576
3.131	6185.051
3.131	6183.589
3.131	6181.281
3.132	6179.046
3.132	6177.54
3.133	6176.304
3.133	6176.395
3.134	6176.777
3.135	6177.34
3.135	6178.626
3.136	6179.777
3.136	6180.768
3.137	6181.31
3.138	6180.719
3.138	6178.809
3.139	6175.896
3.139	6173.295
3.14	6171.02
3.14	6169.31
3.141	6167.636
3.141	6166.026
3.142	6164.327
3.142	6162.089
3.143	6160.123
3.143	6158.778
3.144	6158.803
3.144	6159.764
3.145	6160.714
3.145	6161.523
3.146	6162.798
3.147	6164.682
3.147	6165.743
3.148	6165.19
3.148	6162.991
3.149	6160.34
3.15	6157.699
3.15	6154.759
3.151	6152.282
3.151	6151.148
3.152	6149.89
3.152	6147.458
3.153	6144.672
3.153	6142.239
3.153	6140.8
3.154	6140.359
3.155	6140.816
3.155	6141.075
3.156	6142.324
3.156	6143.658
3.157	6144.912
3.158	6146.013
3.158	6146.095
3.159	6144.741
3.159	6142.201
3.16	6140.171
3.16	6137.993
3.161	6135.861
3.161	6133.612
3.162	6131.704
3.162	6129.382
3.163	6127.318
3.163	6124.86
3.164	6123.278
3.164	6122.592
3.165	6122.608
3.165	6123.647
3.166	6124.689
3.166	6125.671
3.167	6126.876
3.168	6128.325
3.168	6129.382
3.169	6128.408
3.17	6126.157
3.17	6123.594
3.171	6121.416
3.171	6119.801
3.172	6117.633
3.172	6115.412
3.173	6113.44
3.173	6111.448
3.174	6109.098
3.174	6106.79
3.175	6105.633
3.175	6104.703
3.176	6104.958
3.176	6105.678
3.177	6107.001
3.178	6108.231
3.178	6110.005
3.179	6110.304
3.179	6109.878
3.18	6107.92
3.18	6105.176
3.181	6102.66
3.181	6100.298
3.182	6098.939
3.182	6097.725
3.183	6096.299
3.183	6093.983
3.184	6091.274
3.184	6088.625
3.185	6087.021
3.185	6086.284
3.186	6086.823
3.186	6087.715
3.187	6088.863
3.188	6090.033
3.188	6091.336
3.189	6092.143
3.189	6092.264
3.19	6091.053
3.191	6088.502
3.191	6085.837
3.192	6083.99
3.192	6082.277
3.193	6081.318
3.193	6079.571
3.194	6077.814
3.194	6075.849
3.195	6073.318
3.195	6071.38
3.196	6070.341
3.196	6070.154
3.197	6070.51
3.197	6071.819
3.198	6072.923
3.199	6074.337
3.199	6075.013
3.2	6074.884
3.2	6073.225
3.201	6070.619
3.202	6067.871
3.202	6065.511
3.203	6063.62
3.203	6061.748
3.204	6060.232
3.204	6058.604
3.205	6057.02
3.205	6055.471
3.206	6053.196
3.206	6051.758
3.207	6051.649
3.207	6052.33
3.208	6052.755
3.208	6053.522
3.209	6054.564
3.209	6055.77
3.21	6055.857
3.211	6055.229
3.211	6052.988
3.212	6050.471
3.212	6048.059
3.213	6046.158
3.213	6044.481
3.214	6043.332
3.214	6042.233
3.215	6041.169
3.215	6039.624
3.216	6037.574
3.216	6035.914
3.217	6035.273
3.217	6035.542
3.218	6036.115
3.219	6036.733
3.219	6037.253
3.22	6038.502
3.22	6039.479
3.221	6039.032
3.222	6036.851
3.222	6033.839
3.223	6030.905
3.223	6028.544
3.224	6026.288
3.224	6024.284
3.225	6023.221
3.225	6021.722
3.226	6019.696
3.226	6017.478
3.227	6015.998
3.227	6015.354
3.228	6015.922
3.228	6017.007
3.229	6018.074
3.229	6018.676
3.23	6019.348
3.231	6020.197
3.231	6020.421
3.232	6018.419
3.232	6015.694
3.233	6013.15
3.233	6010.581
3.234	6008.455
3.234	6007.156
3.235	6005.223
3.235	6003.718
3.236	6001.608
3.236	5999.813
3.237	5998.412
3.237	5997.769
3.238	5997.965
3.238	5998.421
3.239	5999.629
3.24	6001.107
3.24	6002.119
3.241	6003.576
3.242	6003.482
3.242	6002.541
3.243	6000.189
3.243	5997.425
3.244	5994.645
3.244	5991.806
3.245	5989.478
3.245	5987.811
3.246	5985.919
3.246	5983.462
3.247	5981.872
3.247	5980.07
3.248	5978.891
3.248	5978.655
3.249	5979.175
3.249	5980.027
3.25	5981.125
3.251	5982.291
3.251	5983.103
3.252	5983.668
3.253	5983.054
3.253	5980.926
3.254	5978.279
3.254	5975.365
3.255	5972.77
3.255	5971.458
3.256	5970.147
3.256	5967.895
3.257	5965.317
3.257	5963.694
3.257	5961.624
3.258	5960.535
3.258	5959.893
3.259	5960.035
3.26	5960.943
3.26	5962.151
3.261	5963.689
3.261	5964.971
3.262	5965.42
3.263	5965.267
3.263	5963.576
3.264	5960.562
3.264	5958.317
3.265	5955.869
3.265	5954.373
3.266	5952.274
3.266	5950.816
3.267	5948.723
3.267	5945.698
3.268	5943.508
3.268	5942.209
3.269	5941.36
3.269	5942.084
3.27	5942.577
3.271	5943.833
3.271	5944.966
3.272	5945.562
3.272	5946.059
3.273	5945.664
3.274	5944.322
3.274	5941.929
3.275	5938.86
3.275	5936.789
3.276	5934.507
3.276	5932.82
3.277	5931.63
3.277	5930.171
3.278	5927.719
3.278	5925.621
3.279	5923.741
3.279	5922.541
3.28	5922.861
3.28	5923.871
3.281	5925.236
3.281	5926.05
3.282	5926.736
3.283	5928.033
3.283	5928.02
3.284	5926.507
3.284	5924.288
3.285	5921.451
3.285	5918.487
3.286	5916.272
3.286	5914.635
3.287	5913.757
3.287	5912.704
3.288	5910.569
3.288	5908.174
3.289	5906.195
3.289	5904.794
3.29	5904.426
3.291	5905.391
3.291	5906.516
3.292	5907.506
3.292	5907.94
3.293	5909.1
3.294	5909.421
3.294	5908.301
3.295	5906.05
3.295	5903.491
3.296	5900.462
3.296	5898.486
3.297	5897.253
3.297	5895.446
3.298	5893.439
3.298	5891.062
3.299	5888.685
3.299	5886.293
3.3	5884.579
3.3	5884.238
3.301	5884.879
3.301	5885.684
3.302	5887.09
3.303	5888.935
3.303	5890.486
3.304	5891.357
3.304	5891.117
3.305	5888.394
3.305	5885.42
3.306	5882.654
3.306	5880.439
3.307	5878.323
3.308	5877.047
3.308	5875.287
3.309	5873.77
3.309	5871.732
3.309	5869.675
3.31	5867.578
3.311	5866.736
3.311	5866.914
3.312	5868.009
3.312	5869.624
3.313	5871.019
3.313	5871.815
3.314	5872.385
3.315	5872.614
3.315	5870.716
3.316	5868.302
3.316	5865.479
3.317	5862.58
3.317	5859.913
3.318	5858.416
3.318	5857.394
3.319	5855.406
3.319	5852.897
3.32	5850.13
3.32	5848.236
3.321	5846.843
3.321	5846.98
3.322	5847.719
3.322	5848.769
3.323	5849.604
3.324	5851.102
3.324	5852.656
3.325	5853.493
3.326	5852.609
3.326	5850.195
3.327	5847.403
3.327	5844.532
3.328	5842.112
3.328	5840.374
3.329	5838.312
3.329	5836.687
3.33	5834.495
3.33	5832.289
3.331	5829.85
3.331	5828.201
3.332	5827.999
3.332	5829.138
3.333	5829.94
3.333	5830.724
3.334	5831.352
3.335	5832.488
3.335	5833.579
3.336	5833.565
3.336	5831.775
3.337	5829.993
3.338	5827.886
3.338	5825.113
3.339	5823.111
3.339	5821.579
3.34	5819.435
3.34	5816.786
3.341	5814.282
3.341	5811.681
3.341	5809.746
3.342	5809.078
3.343	5809.45
3.343	5809.89
3.344	5810.607
3.344	5811.581
3.345	5813.562
3.346	5814.5
3.346	5814.237
3.347	5813.07
3.347	5810.484
3.348	5808.062
3.348	5804.801
3.349	5802.232
3.349	5800.811
3.35	5799.183
3.35	5797.402
3.351	5795.504
3.351	5793.516
3.352	5791.76
3.352	5790.589
3.353	5789.838
3.353	5790.135
3.354	5791.301
3.355	5792.36
3.355	5793.072
3.356	5793.949
3.356	5794.733
3.357	5794.104
3.357	5791.85
3.358	5789.184
3.359	5786.844
3.359	5784.245
3.36	5783.032
3.36	5781.353
3.361	5780.189
3.361	5778.07
3.362	5775.51
3.362	5773.696
3.363	5772.264
3.363	5772.005
3.364	5772.157
3.364	5772.424
3.365	5773.127
3.365	5773.873
3.366	5774.847
3.367	5775.59
3.367	5774.823
3.368	5772.282
3.368	5769.345
3.369	5766.511
3.369	5764.757
3.37	5762.846
3.37	5760.641
3.371	5759.362
3.371	5757.494
3.372	5755.509
3.372	5753.198
3.373	5751.799
3.373	5751.564
3.374	5752.152
3.374	5752.716
3.375	5753.7
3.376	5754.917
3.376	5755.665
3.377	5756.167
3.377	5755.605
3.378	5753.545
3.379	5751.278
3.379	5748.429
3.38	5746.337
3.38	5744.614
3.381	5743.01
3.381	5740.959
3.382	5738.866
3.382	5736.236
3.383	5733.739
3.383	5732.357
3.384	5732.138
3.384	5733.005
3.385	5734.012
3.385	5734.374
3.386	5735.585
3.387	5736.991
3.387	5737.778
3.388	5737.118
3.388	5735.262
3.389	5732.365
3.389	5729.368
3.39	5726.935
3.391	5725.033
3.391	5723.143
3.392	5721.561
3.392	5719.709
3.393	5717.48
3.393	5715.246
3.393	5713.203
3.394	5711.592
3.395	5711.359
3.395	5711.913
3.396	5713.192
3.396	5714.147
3.397	5715.19
3.398	5716.427
3.398	5716.95
3.399	5715.763
3.399	5713.362
3.4	5710.632
3.4	5707.99
3.401	5705.677
3.401	5704.159
3.402	5702.895
3.402	5701.356
3.403	5698.987
3.403	5696.341
3.404	5694.534
3.404	5693.502
3.405	5692.843
3.405	5693.475
3.406	5694.625
3.406	5695.772
3.407	5696.64
3.408	5697.779
3.408	5698.665
3.409	5697.916
3.41	5695.872
3.41	5692.494
3.411	5689.744
3.411	5687.137
3.412	5685.153
3.412	5683.625
3.413	5681.617
3.413	5679.617
3.414	5677.151
3.414	5674.987
3.415	5673.36
3.415	5672.78
3.416	5673.127
3.416	5674.083
3.417	5674.917
3.417	5676.028
3.418	5676.874
3.419	5677.646
3.419	5677.282
3.42	5675.551
3.42	5672.631
3.421	5670.161
3.421	5668.126
3.422	5665.981
3.422	5663.733
3.423	5662.307
3.423	5660.91
3.424	5658.824
3.424	5656.485
3.425	5654.467
3.425	5653.171
3.426	5653.509
3.426	5653.698
3.427	5654.237
3.428	5655.096
3.428	5656.384
3.429	5657.252
3.429	5657.438
3.43	5655.965
3.431	5653.695
3.431	5651.3
3.432	5648.909
3.432	5646.79
3.433	5645.158
3.433	5643.936
3.434	5642.361
3.434	5640.244
3.435	5638.139
3.435	5636.098
3.436	5634.621
3.436	5633.634
3.437	5633.557
3.437	5633.818
3.438	5635.005
3.439	5635.939
3.439	5636.968
3.44	5637.347
3.44	5636.581
3.441	5634.163
3.441	5631.179
3.442	5628.768
3.443	5626.73
3.443	5624.491
3.444	5622.725
3.444	5621.506
3.445	5619.867
3.445	5617.914
3.446	5616.37
3.446	5614.772
3.447	5613.775
3.447	5614.172
3.448	5614.79
3.448	5615.68
3.449	5616.513
3.449	5616.887
3.45	5616.898
3.451	5616.568
3.451	5614.601
3.452	5611.523
3.452	5608.863
3.453	5606.394
3.453	5604.044
3.454	5602.412
3.454	5601.362
3.455	5599.758
3.455	5598.083
3.456	5596.116
3.456	5594.712
3.457	5593.63
3.457	5594.192
3.458	5594.778
3.458	5595.357
3.459	5595.886
3.46	5597.032
3.46	5597.539
3.461	5596.946
3.462	5595.416
3.462	5592.857
3.463	5589.586
3.463	5587.177
3.464	5584.84
3.464	5582.382
3.465	5580.796
3.465	5579.23
3.466	5577.161
3.466	5575.416
3.467	5574.344
3.467	5573.319
3.468	5573.193
3.468	5573.61
3.469	5574.294
3.469	5575.158
3.47	5576.394
3.471	5577.071
3.471	5577.467
3.472	5576.799
3.472	5574.101
3.473	5571.012
3.473	5567.889
3.474	5564.927
3.474	5563.094
3.475	5561.284
3.475	5559.378
3.476	5557.854
3.476	5555.691
3.477	5553.722
3.477	5552.726
3.478	5552.8
3.478	5552.77
3.479	5553.207
3.48	5554.269
3.48	5555.759
3.481	5557.108
3.482	5557.285
3.482	5556.405
3.483	5554.179
3.483	5550.81
3.484	5547.971
3.484	5545.194
3.485	5543.304
3.485	5541.269
3.486	5539.347
3.486	5537.263
3.487	5535.155
3.487	5533.248
3.488	5532.086
3.488	5531.361
3.489	5531.75
3.489	5532.61
3.49	5533.97
3.49	5535.108
3.491	5536.048
3.492	5536.517
3.492	5535.743
3.493	5534.042
3.493	5531.177
3.494	5528.843
3.494	5526.832
3.495	5524.348
3.496	5521.891
3.496	5520.567
3.497	5518.916
3.497	5516.445
3.497	5513.977
3.498	5512.231
3.498	5510.745
3.499	5511.252
3.5	5512.058
3.5	5513.562
3.501	5514.154
3.501	5514.843
3.502	5515.974
3.503	5515.815
3.503	5514.365
3.504	5511.437
3.504	5508.369
3.505	5505.191
3.505	5503.212
3.506	5501.932
3.506	5500.285
3.507	5498.506
3.507	5495.899
3.508	5493.327
3.508	5491.201
3.509	5490.121
3.509	5489.95
3.51	5491.065
3.51	5492.137
3.511	5493.056
3.512	5493.878
3.512	5494.783
3.513	5495.072
3.514	5493.49
3.514	5490.757
3.515	5487.577
3.515	5484.887
3.516	5483.041
3.516	5481.189
3.517	5479.624
3.517	5477.648
3.518	5475.816
3.518	5473.387
3.519	5470.77
3.519	5469.174
3.52	5468.726
3.52	5469.247
3.521	5470.424
3.521	5472.111
3.522	5473.426
3.523	5474.253
3.523	5473.841
3.524	5472.466
3.524	5469.873
3.525	5467.072
3.525	5464.082
3.526	5461.696
3.527	5459.497
3.527	5458.114
3.528	5456.845
3.528	5454.955
3.528	5452.689
3.529	5450.642
3.529	5448.512
3.53	5447.612
3.53	5448.681
3.531	5449.583
3.532	5450.499
3.532	5450.924
3.533	5451.605
3.534	5452.43
3.534	5451.795
3.535	5449.463
3.535	5446.376
3.536	5443.801
3.536	5441.363
3.537	5439.008
3.537	5437.463
3.538	5435.912
3.538	5433.999
3.539	5431.275
3.539	5429.094
3.54	5427.035
3.54	5426.203
3.541	5426.683
3.541	5427.2
3.542	5428.007
3.542	5429.115
3.543	5430.268
3.544	5430.95
3.544	5431.174
3.545	5430.016
3.545	5426.723
3.546	5422.96
3.546	5419.96
3.547	5417.629
3.548	5416.059
3.548	5415
3.549	5413.296
3.549	5410.862
3.549	5408.915
3.55	5406.648
3.55	5405.498
3.551	5405.409
3.552	5405.833
3.552	5406.812
3.553	5407.675
3.553	5408.333
3.554	5409.46
3.555	5409.79
3.555	5408.589
3.556	5406.165
3.556	5403.089
3.557	5400.351
3.557	5397.725
3.558	5395.663
3.558	5393.364
3.559	5391.288
3.559	5388.879
3.56	5385.902
3.56	5383.83
3.561	5382.843
3.561	5382.192
3.562	5382.475
3.562	5383.673
3.563	5384.465
3.564	5385.409
3.564	5386.409
3.565	5386.746
3.566	5386.456
3.566	5384.461
3.567	5381.215
3.567	5378.593
3.568	5375.64
3.568	5372.957
3.569	5370.941
3.569	5369.258
3.57	5366.961
3.57	5364.295
3.571	5361.997
3.571	5360.231
3.572	5359.021
3.572	5358.787
3.573	5359.275
3.573	5359.972
3.574	5360.864
3.575	5361.302
3.575	5362.24
3.576	5362.093
3.576	5360.032
3.577	5357.116
3.577	5353.824
3.578	5350.738
3.578	5347.816
3.579	5346.156
3.58	5344.481
3.58	5341.807
3.581	5339.073
3.581	5336.491
3.581	5334.922
3.582	5333.619
3.582	5332.545
3.583	5332.788
3.584	5333.276
3.584	5333.498
3.585	5334.126
3.585	5334.464
3.586	5334.339
3.587	5332.749
3.587	5329.936
3.588	5326.327
3.588	5323.007
3.589	5320.527
3.589	5318.452
3.59	5316.672
3.59	5314.416
3.591	5311.902
3.591	5309.113
3.592	5306.148
3.592	5304.156
3.593	5303.213
3.593	5303.083
3.594	5303.871
3.594	5304.386
3.595	5304.245
3.596	5304.644
3.596	5304.709
3.597	5304.392
3.597	5302.38
3.598	5299.355
3.599	5296.222
3.599	5293.322
3.6	5291.079
3.6	5288.663
3.601	5285.858
3.601	5282.786
3.602	5279.991
3.602	5277.314
3.603	5275.233
3.603	5274.329
3.604	5274.527
3.604	5274.566
3.605	5274.592
3.605	5274.434
3.606	5273.864
3.607	5272.71
3.607	5270.03
3.608	5266.308
3.608	5261.434
3.609	5256.918
3.609	5252.698
3.61	5248.999
3.61	5245.132
3.611	5240.909
3.611	5235.68
3.612	5229.893
3.612	5224.643
3.613	5219.672
3.613	5215.103
3.614	5211.324
3.614	5207.264
3.615	5202.682
3.616	5196.793
